   111 -0.106600 0.046400 -0.060400 -0.012524 0.005666 -0.999906 -0.195021 -0.980794 -0.003187 -0.980719 0.194963 0.013389 1.000617
   112 -0.106600 0.046400 -0.060400 -0.195021 -0.980794 -0.003187 0.012524 -0.005666 0.999906 -0.980719 0.194963 0.013389 -0.009984
   113 -0.106600 0.046400 -0.060400 -0.012524 0.005666 -0.999906 -0.195021 -0.980794 -0.003187 -0.980719 0.194963 0.013389 -0.000005
   121 -0.102000 0.063100 -0.025600 0.008385 0.002561 -0.999962 -0.257476 -0.966274 -0.004643 -0.966249 0.257504 -0.007443 0.997478
   122 -0.102000 0.063100 -0.025600 0.008385 0.002561 -0.999962 -0.257476 -0.966274 -0.004643 -0.966249 0.257504 -0.007443 -0.005852
   123 -0.102000 0.063100 -0.025600 -0.257476 -0.966274 -0.004643 -0.008385 -0.002561 0.999962 -0.966249 0.257504 -0.007443 -0.001620
   131 -0.108500 0.030200 -0.026600 0.003506 0.002214 -0.999991 -0.094389 -0.995532 -0.002498 -0.995529 0.094397 -0.003281 1.003888
   132 -0.108500 0.030200 -0.026600 0.003506 0.002214 -0.999991 -0.094389 -0.995532 -0.002498 -0.995529 0.094397 -0.003281 -0.007633
   133 -0.108500 0.030200 -0.026600 -0.094389 -0.995532 -0.002498 -0.003506 -0.002214 0.999991 -0.995529 0.094397 -0.003281 0.003065
   141 -0.109900 0.013100 -0.062700 -0.036425 0.002524 -0.999333 -0.038836 -0.999245 -0.001169 -0.998582 0.038768 0.036496 1.004801
   142 -0.109900 0.013100 -0.062700 -0.038836 -0.999245 -0.001169 0.036425 -0.002524 0.999333 -0.998582 0.038768 0.036496 -0.006808
   143 -0.109900 0.013100 -0.062700 -0.036425 0.002524 -0.999333 -0.038836 -0.999245 -0.001169 -0.998582 0.038768 0.036496 0.000841
   211 -0.107400 0.032900 0.008000 -0.052286 0.007811 -0.998602 -0.101193 -0.994864 -0.002517 -0.993492 0.100920 0.052808 1.001283
   212 -0.107400 0.032900 0.008000 -0.101193 -0.994864 -0.002517 0.052286 -0.007811 0.998602 -0.993492 0.100920 0.052808 -0.004221
   213 -0.107400 0.032900 0.008000 -0.052286 0.007811 -0.998602 -0.101193 -0.994864 -0.002517 -0.993492 0.100920 0.052808 0.000374
   221 -0.098900 0.040300 0.041300 -0.341430 0.059512 -0.938021 -0.161956 -0.986791 -0.003643 -0.925848 0.150673 0.346558 1.002824
   222 -0.098900 0.040300 0.041300 -0.341430 0.059512 -0.938021 -0.161956 -0.986791 -0.003643 -0.925848 0.150673 0.346558 -0.014666
   223 -0.098900 0.040300 0.041300 -0.161956 -0.986791 -0.003643 0.341430 -0.059512 0.938021 -0.925848 0.150673 0.346558 -0.000186
   231 -0.101100 0.004400 0.040800 -0.354880 0.008567 -0.934872 0.039897 -0.998909 -0.024291 -0.934060 -0.045919 0.354151 1.003576
   232 -0.101100 0.004400 0.040800 -0.354880 0.008567 -0.934872 0.039897 -0.998909 -0.024291 -0.934060 -0.045919 0.354151 -0.007352
   233 -0.101100 0.004400 0.040800 0.039897 -0.998909 -0.024291 0.354880 -0.008567 0.934872 -0.934060 -0.045919 0.354151 -0.000956
   241 -0.108300 -0.001100 0.007100 -0.067798 -0.010451 -0.997644 0.086454 -0.996245 0.004600 -0.993947 -0.085938 0.068447 1.001979
   242 -0.108300 -0.001100 0.007100 0.086454 -0.996245 0.004600 0.067798 0.010451 0.997644 -0.993947 -0.085938 0.068447 -0.004427
   243 -0.108300 -0.001100 0.007100 -0.067798 -0.010451 -0.997644 0.086454 -0.996245 0.004600 -0.993947 -0.085938 0.068447 0.000386
   311 -0.086100 0.098800 0.009000 -0.034782 0.117968 -0.992408 -0.485355 -0.870035 -0.086423 -0.873625 0.478664 0.087518 1.002871
   312 -0.086100 0.098800 0.009000 -0.485355 -0.870035 -0.086423 0.034782 -0.117968 0.992408 -0.873625 0.478664 0.087518 -0.008713
   313 -0.086100 0.098800 0.009000 -0.034782 0.117968 -0.992408 -0.485355 -0.870035 -0.086423 -0.873625 0.478664 0.087518 0.000502
   321 -0.088700 0.075700 0.041200 -0.351368 0.118806 -0.928669 -0.371654 -0.928114 0.021884 -0.859310 0.352832 0.370264 1.004209
   322 -0.088700 0.075700 0.041200 -0.351368 0.118806 -0.928669 -0.371654 -0.928114 0.021884 -0.859310 0.352832 0.370264 -0.020585
   323 -0.088700 0.075700 0.041200 -0.371654 -0.928114 0.021884 0.351368 -0.118806 0.928669 -0.859310 0.352832 0.370264 -0.001181
   331 -0.070200 0.075800 0.070700 -0.590032 0.226932 -0.774832 -0.391936 -0.919532 0.029094 -0.705880 0.320851 0.631496 1.003689
   332 -0.070200 0.075800 0.070700 -0.391936 -0.919532 0.029094 0.590032 -0.226932 0.774832 -0.705880 0.320851 0.631496 -0.011738
   333 -0.070200 0.075800 0.070700 -0.590032 0.226932 -0.774832 -0.391936 -0.919532 0.029094 -0.705880 0.320851 0.631496 -0.001978
   341 -0.100300 0.065900 0.008100 -0.067555 0.025227 -0.997397 -0.286962 -0.957930 -0.004800 -0.955557 0.285891 0.071952 1.002100
   342 -0.100300 0.065900 0.008100 -0.286962 -0.957930 -0.004800 0.067555 -0.025227 0.997397 -0.955557 0.285891 0.071952 -0.008942
   343 -0.100300 0.065900 0.008100 -0.067555 0.025227 -0.997397 -0.286962 -0.957930 -0.004800 -0.955557 0.285891 0.071952 -0.000358
   411 -0.080800 0.041300 0.072000 -0.641008 0.048798 -0.765981 -0.137420 -0.989149 0.051963 -0.755134 0.138570 0.640758 1.006027
   412 -0.080800 0.041300 0.072000 -0.137420 -0.989149 0.051963 0.641008 -0.048798 0.765981 -0.755134 0.138570 0.640758 -0.005519
   413 -0.080800 0.041300 0.072000 -0.641008 0.048798 -0.765981 -0.137420 -0.989149 0.051963 -0.755134 0.138570 0.640758 -0.000509
   421 -0.052600 0.040600 0.095200 -0.875978 -0.019378 -0.481962 -0.058408 -0.987583 0.145834 -0.478803 0.155898 0.863970 0.996147
   422 -0.052600 0.040600 0.095200 -0.875978 -0.019378 -0.481962 -0.058408 -0.987583 0.145834 -0.478803 0.155898 0.863970 -0.000950
   423 -0.052600 0.040600 0.095200 -0.058408 -0.987583 0.145834 0.875978 0.019378 0.481962 -0.478803 0.155898 0.863970 -0.002777
   431 -0.053700 0.005900 0.096900 -0.869689 -0.017763 -0.493280 0.029648 -0.999425 -0.016446 -0.492705 -0.028928 0.869716 0.999183
   432 -0.053700 0.005900 0.096900 -0.869689 -0.017763 -0.493280 0.029648 -0.999425 -0.016446 -0.492705 -0.028928 0.869716 -0.003334
   433 -0.053700 0.005900 0.096900 0.029648 -0.999425 -0.016446 0.869689 0.017763 0.493280 -0.492705 -0.028928 0.869716 0.000291
   441 -0.082900 0.006200 0.072800 -0.643882 0.002361 -0.765121 0.042524 -0.998341 -0.038829 -0.763944 -0.057537 0.642713 1.003534
   442 -0.082900 0.006200 0.072800 0.042524 -0.998341 -0.038829 0.643882 -0.002361 0.765121 -0.763944 -0.057537 0.642713 -0.005878
   443 -0.082900 0.006200 0.072800 -0.643882 0.002361 -0.765121 0.042524 -0.998341 -0.038829 -0.763944 -0.057537 0.642713 0.000957
   511 -0.063700 0.125400 0.013600 0.017027 0.219847 -0.975386 -0.786716 -0.599115 -0.148790 -0.617079 0.769885 0.162756 0.998893
   512 -0.063700 0.125400 0.013600 -0.786716 -0.599115 -0.148790 -0.017027 -0.219847 0.975386 -0.617079 0.769885 0.162756 -0.000848
   513 -0.063700 0.125400 0.013600 0.017027 0.219847 -0.975386 -0.786716 -0.599115 -0.148790 -0.617079 0.769885 0.162756 0.000229
   521 -0.033200 0.139700 0.017400 0.009597 0.221953 -0.975010 -0.957680 -0.278476 -0.072804 -0.287677 0.934446 0.209888 0.998070
   522 -0.033200 0.139700 0.017400 -0.957680 -0.278476 -0.072804 -0.009597 -0.221953 0.975010 -0.287677 0.934446 0.209888 -0.000498
   523 -0.033200 0.139700 0.017400 0.009597 0.221953 -0.975010 -0.957680 -0.278476 -0.072804 -0.287677 0.934446 0.209888 -0.000640
   531 -0.033700 0.127400 0.048500 -0.052769 0.471552 -0.880258 -0.960387 -0.265486 -0.084695 -0.273635 0.840919 0.466882 0.995722
   532 -0.033700 0.127400 0.048500 -0.052769 0.471552 -0.880258 -0.960387 -0.265486 -0.084695 -0.273635 0.840919 0.466882 -0.013200
   533 -0.033700 0.127400 0.048500 -0.960387 -0.265486 -0.084695 0.052769 -0.471552 0.880258 -0.273635 0.840919 0.466882 0.000068
   541 -0.067200 0.108900 0.044300 -0.173093 0.379523 -0.908846 -0.710761 -0.686939 -0.151439 -0.681797 0.619759 0.388654 0.999763
   542 -0.067200 0.108900 0.044300 -0.173093 0.379523 -0.908846 -0.710761 -0.686939 -0.151439 -0.681797 0.619759 0.388654 -0.020761
   543 -0.067200 0.108900 0.044300 -0.710761 -0.686939 -0.151439 0.173093 -0.379523 0.908846 -0.681797 0.619759 0.388654 0.000002
   611 -0.035800 0.104800 0.075000 -0.007700 0.767098 -0.641484 -0.955853 -0.194070 -0.220640 -0.293745 0.611466 0.734727 1.001090
   612 -0.035800 0.104800 0.075000 -0.955853 -0.194070 -0.220640 0.007700 -0.767098 0.641484 -0.293745 0.611466 0.734727 -0.004667
   613 -0.035800 0.104800 0.075000 -0.007700 0.767098 -0.641484 -0.955853 -0.194070 -0.220640 -0.293745 0.611466 0.734727 -0.005370
   621 0.000100 0.077500 0.096700 0.000203 0.917074 -0.398717 -0.999993 -0.001269 -0.003646 -0.003850 0.398715 0.917067 1.003156
   622 0.000100 0.077500 0.096700 0.000203 0.917074 -0.398717 -0.999993 -0.001269 -0.003646 -0.003850 0.398715 0.917067 -0.001299
   623 0.000100 0.077500 0.096700 -0.999993 -0.001269 -0.003646 -0.000203 -0.917074 0.398717 -0.003850 0.398715 0.917067 0.000478
   631 -0.018400 0.044000 0.106300 0.007436 0.982683 -0.185144 -0.991104 -0.017267 -0.131962 -0.132874 0.184479 0.973813 0.999235
   632 -0.018400 0.044000 0.106300 -0.991104 -0.017267 -0.131962 -0.007436 -0.982683 0.185144 -0.132874 0.184479 0.973813 -0.005275
   633 -0.018400 0.044000 0.106300 0.007436 0.982683 -0.185144 -0.991104 -0.017267 -0.131962 -0.132874 0.184479 0.973813 -0.002886
   641 -0.036800 0.075300 0.092200 -0.026511 0.898355 -0.438469 -0.950662 -0.158253 -0.266830 -0.309097 0.409762 0.858227 1.000300
   642 -0.036800 0.075300 0.092200 -0.026511 0.898355 -0.438469 -0.950662 -0.158253 -0.266830 -0.309097 0.409762 0.858227 -0.000475
   643 -0.036800 0.075300 0.092200 -0.950662 -0.158253 -0.266830 0.026511 -0.898355 0.438469 -0.309097 0.409762 0.858227 0.000811
   711 -0.018500 0.010500 0.109600 -0.988697 -0.011891 -0.149453 0.013353 -0.999870 -0.009028 -0.149326 -0.010922 0.988728 0.995335
   712 -0.018500 0.010500 0.109600 0.013353 -0.999870 -0.009028 0.988697 0.011891 0.149453 -0.149326 -0.010922 0.988728 -0.005268
   713 -0.018500 0.010500 0.109600 -0.988697 -0.011891 -0.149453 0.013353 -0.999870 -0.009028 -0.149326 -0.010922 0.988728 -0.000586
   721 0.018600 0.010500 0.109600 0.987834 -0.007420 -0.155334 0.002203 0.999431 -0.033659 0.155495 0.032908 0.987288 0.992216
   722 0.018600 0.010500 0.109600 0.002203 0.999431 -0.033659 -0.987834 0.007420 0.155334 0.155495 0.032908 0.987288 -0.008065
   723 0.018600 0.010500 0.109600 0.987834 -0.007420 -0.155334 0.002203 0.999431 -0.033659 0.155495 0.032908 0.987288 0.000069
   731 0.018600 -0.023300 0.105900 -0.036306 -0.970767 -0.237264 0.987851 0.001021 -0.155404 0.151103 -0.240024 0.958935 0.992911
   732 0.018600 -0.023300 0.105900 0.987851 0.001021 -0.155404 0.036306 0.970767 0.237264 0.151103 -0.240024 0.958935 -0.003631
   733 0.018600 -0.023300 0.105900 -0.036306 -0.970767 -0.237264 0.987851 0.001021 -0.155404 0.151103 -0.240024 0.958935 0.000907
   741 -0.018500 -0.023700 0.105800 0.039331 -0.969893 -0.240333 0.992205 0.009366 0.124263 -0.118271 -0.243347 0.962701 0.998643
   742 -0.018500 -0.023700 0.105800 0.992205 0.009366 0.124263 -0.039331 0.969893 0.240333 -0.118271 -0.243347 0.962701 -0.004478
   743 -0.018500 -0.023700 0.105800 0.039331 -0.969893 -0.240333 0.992205 0.009366 0.124263 -0.118271 -0.243347 0.962701 -0.000472
   811 0.000100 0.144500 0.018700 -0.000289 0.250762 -0.968049 -0.999936 -0.010992 -0.002512 -0.011271 0.967986 0.250749 0.997986
   812 0.000100 0.144500 0.018700 -0.999936 -0.010992 -0.002512 0.000289 -0.250762 0.968049 -0.011271 0.967986 0.250749 -0.000926
   813 0.000100 0.144500 0.018700 -0.000289 0.250762 -0.968049 -0.999936 -0.010992 -0.002512 -0.011271 0.967986 0.250749 -0.000639
   821 0.000100 0.131600 0.050000 0.000711 0.496413 -0.868086 -0.999971 -0.006230 -0.004293 -0.007539 0.868065 0.496394 1.000659
   822 0.000100 0.131600 0.050000 0.000711 0.496413 -0.868086 -0.999971 -0.006230 -0.004293 -0.007539 0.868065 0.496394 -0.012294
   823 0.000100 0.131600 0.050000 -0.999971 -0.006230 -0.004293 -0.000711 -0.496413 0.868086 -0.007539 0.868065 0.496394 0.001230
   911 0.033100 0.139700 0.017300 -0.005323 0.236421 -0.971636 -0.965122 0.253111 0.066891 0.261747 0.938103 0.226828 1.000815
   912 0.033100 0.139700 0.017300 -0.965122 0.253111 0.066891 0.005323 -0.236421 0.971636 0.261747 0.938103 0.226828 -0.003010
   913 0.033100 0.139700 0.017300 -0.005323 0.236421 -0.971636 -0.965122 0.253111 0.066891 0.261747 0.938103 0.226828 -0.000603
   921 0.063800 0.125300 0.013500 -0.023912 0.215505 -0.976210 -0.785801 0.599592 0.151679 0.618015 0.770734 0.155006 0.998383
   922 0.063800 0.125300 0.013500 -0.785801 0.599592 0.151679 0.023912 -0.215505 0.976210 0.618015 0.770734 0.155006 -0.004085
   923 0.063800 0.125300 0.013500 -0.023912 0.215505 -0.976210 -0.785801 0.599592 0.151679 0.618015 0.770734 0.155006 -0.002416
   931 0.067100 0.108800 0.044400 0.174746 0.376809 -0.909659 -0.712172 0.686340 0.147471 0.679904 0.622063 0.388288 1.006486
   932 0.067100 0.108800 0.044400 0.174746 0.376809 -0.909659 -0.712172 0.686340 0.147471 0.679904 0.622063 0.388288 -0.004030
   933 0.067100 0.108800 0.044400 -0.712172 0.686340 0.147471 -0.174746 -0.376809 0.909659 0.679904 0.622063 0.388288 0.001449
   941 0.033800 0.127300 0.048600 0.056645 0.472218 -0.879660 -0.963381 0.257129 0.076042 0.262095 0.843140 0.469491 1.000862
   942 0.033800 0.127300 0.048600 0.056645 0.472218 -0.879660 -0.963381 0.257129 0.076042 0.262095 0.843140 0.469491 -0.009256
   943 0.033800 0.127300 0.048600 -0.963381 0.257129 0.076042 -0.056645 -0.472218 0.879660 0.262095 0.843140 0.469491 0.000160
  1011 0.000100 0.109300 0.077100 0.000889 0.759668 -0.650310 -0.999789 -0.012709 -0.016127 -0.020517 0.650188 0.759496 1.002051
  1012 0.000100 0.109300 0.077100 -0.999789 -0.012709 -0.016127 -0.000889 -0.759668 0.650310 -0.020517 0.650188 0.759496 -0.001416
  1013 0.000100 0.109300 0.077100 0.000889 0.759668 -0.650310 -0.999789 -0.012709 -0.016127 -0.020517 0.650188 0.759496 -0.004792
  1021 0.035800 0.104800 0.075000 0.005620 0.765525 -0.643382 -0.962542 0.178570 0.204022 0.271073 0.618136 0.737854 1.004564
  1022 0.035800 0.104800 0.075000 -0.962542 0.178570 0.204022 -0.005620 -0.765525 0.643382 0.271073 0.618136 0.737854 -0.003276
  1023 0.035800 0.104800 0.075000 0.005620 0.765525 -0.643382 -0.962542 0.178570 0.204022 0.271073 0.618136 0.737854 -0.002067
  1031 0.036800 0.075200 0.092300 0.029798 0.896838 -0.441354 -0.951068 0.161280 0.263552 0.307544 0.411905 0.857760 1.003290
  1032 0.036800 0.075200 0.092300 0.029798 0.896838 -0.441354 -0.951068 0.161280 0.263552 0.307544 0.411905 0.857760 -0.000113
  1033 0.036800 0.075200 0.092300 -0.951068 0.161280 0.263552 -0.029798 -0.896838 0.441354 0.307544 0.411905 0.857760 0.000598
  1041 0.018400 0.044200 0.106200 -0.014206 0.978810 -0.204276 -0.991991 0.011849 0.125750 0.125506 0.204426 0.970803 0.994333
  1042 0.018400 0.044200 0.106200 -0.991991 0.011849 0.125750 0.014206 -0.978810 0.204276 0.125506 0.204426 0.970803 -0.003300
  1043 0.018400 0.044200 0.106200 -0.014206 0.978810 -0.204276 -0.991991 0.011849 0.125750 0.125506 0.204426 0.970803 -0.001640
  1111 0.052500 0.040600 0.095300 0.875724 -0.017617 -0.482491 -0.054355 0.989380 -0.134808 0.479741 0.144281 0.865466 0.998733
  1112 0.052500 0.040600 0.095300 0.875724 -0.017617 -0.482491 -0.054355 0.989380 -0.134808 0.479741 0.144281 0.865466 -0.003454
  1113 0.052500 0.040600 0.095300 -0.054355 0.989380 -0.134808 -0.875724 0.017617 0.482491 0.479741 0.144281 0.865466 -0.000667
  1121 0.080900 0.041300 0.072100 0.638545 0.050812 -0.767906 -0.170529 0.982354 -0.076812 0.750452 0.179999 0.635942 1.001572
  1122 0.080900 0.041300 0.072100 -0.170529 0.982354 -0.076812 -0.638545 -0.050812 0.767906 0.750452 0.179999 0.635942 -0.006580
  1123 0.080900 0.041300 0.072100 0.638545 0.050812 -0.767906 -0.170529 0.982354 -0.076812 0.750452 0.179999 0.635942 0.000245
  1131 0.082800 0.006100 0.072800 0.639311 0.000717 -0.768948 0.010998 0.999888 0.010115 0.768870 -0.014924 0.639232 1.002984
  1132 0.082800 0.006100 0.072800 0.010998 0.999888 0.010115 -0.639311 -0.000717 0.768948 0.768870 -0.014924 0.639232 -0.006307
  1133 0.082800 0.006100 0.072800 0.639311 0.000717 -0.768948 0.010998 0.999888 0.010115 0.768870 -0.014924 0.639232 -0.001029
  1141 0.053500 0.006200 0.097000 0.869723 -0.018208 -0.493205 0.031320 0.999341 0.018342 0.492546 -0.031400 0.869720 0.999606
  1142 0.053500 0.006200 0.097000 0.869723 -0.018208 -0.493205 0.031320 0.999341 0.018342 0.492546 -0.031400 0.869720 -0.000612
  1143 0.053500 0.006200 0.097000 0.031320 0.999341 0.018342 -0.869723 0.018208 0.493205 0.492546 -0.031400 0.869720 -0.000519
  1211 0.086200 0.098600 0.008900 0.043392 0.118388 -0.992019 -0.504149 0.859852 0.080552 0.862525 0.496630 0.096997 0.998370
  1212 0.086200 0.098600 0.008900 -0.504149 0.859852 0.080552 -0.043392 -0.118388 0.992019 0.862525 0.496630 0.096997 -0.005570
  1213 0.086200 0.098600 0.008900 0.043392 0.118388 -0.992019 -0.504149 0.859852 0.080552 0.862525 0.496630 0.096997 -0.000638
  1221 0.100300 0.066000 0.008200 0.069089 0.028162 -0.997213 -0.316124 0.948705 0.004952 0.946200 0.314901 0.074448 0.999207
  1222 0.100300 0.066000 0.008200 -0.316124 0.948705 0.004952 -0.069089 -0.028162 0.997213 0.946200 0.314901 0.074448 -0.006088
  1223 0.100300 0.066000 0.008200 0.069089 0.028162 -0.997213 -0.316124 0.948705 0.004952 0.946200 0.314901 0.074448 -0.001623
  1231 0.088700 0.075700 0.041200 0.349560 0.118076 -0.929444 -0.374966 0.926745 -0.023320 0.858604 0.356662 0.368227 0.997959
  1232 0.088700 0.075700 0.041200 0.349560 0.118076 -0.929444 -0.374966 0.926745 -0.023320 0.858604 0.356662 0.368227 -0.001102
  1233 0.088700 0.075700 0.041200 -0.374966 0.926745 -0.023320 -0.349560 -0.118076 0.929444 0.858604 0.356662 0.368227 0.001750
  1241 0.069900 0.075800 0.070900 0.613171 0.238504 -0.753085 -0.426150 0.902590 -0.061051 0.665166 0.358362 0.655081 1.007098
  1242 0.069900 0.075800 0.070900 -0.426150 0.902590 -0.061051 -0.613171 -0.238504 0.753085 0.665166 0.358362 0.655081 -0.002161
  1243 0.069900 0.075800 0.070900 0.613171 0.238504 -0.753085 -0.426150 0.902590 -0.061051 0.665166 0.358362 0.655081 0.001281
  1311 0.098900 0.040400 0.041300 0.339606 0.060037 -0.938650 -0.167321 0.985899 0.002458 0.925562 0.156221 0.344863 1.005166
  1312 0.098900 0.040400 0.041300 0.339606 0.060037 -0.938650 -0.167321 0.985899 0.002458 0.925562 0.156221 0.344863 -0.004094
  1313 0.098900 0.040400 0.041300 -0.167321 0.985899 0.002458 -0.339606 -0.060037 0.938650 0.925562 0.156221 0.344863 0.000623
  1321 0.107400 0.032900 0.008100 0.064760 0.011686 -0.997832 -0.133415 0.991056 0.002950 0.988942 0.132935 0.065740 0.997790
  1322 0.107400 0.032900 0.008100 -0.133415 0.991056 0.002950 -0.064760 -0.011686 0.997832 0.988942 0.132935 0.065740 -0.006196
  1323 0.107400 0.032900 0.008100 0.064760 0.011686 -0.997832 -0.133415 0.991056 0.002950 0.988942 0.132935 0.065740 -0.002209
  1331 0.108300 -0.001100 0.006800 0.052362 -0.002389 -0.998625 0.061628 0.998099 0.000879 0.996725 -0.061590 0.052410 0.998775
  1332 0.108300 -0.001100 0.006800 0.061628 0.998099 0.000879 -0.052362 0.002389 0.998625 0.996725 -0.061590 0.052410 -0.007697
  1333 0.108300 -0.001100 0.006800 0.052362 -0.002389 -0.998625 0.061628 0.998099 0.000879 0.996725 -0.061590 0.052410 -0.001626
  1341 0.101000 0.004400 0.041000 0.350854 0.007898 -0.936397 0.036914 0.999071 0.022217 0.935703 -0.042361 0.350237 1.000457
  1342 0.101000 0.004400 0.041000 0.350854 0.007898 -0.936397 0.036914 0.999071 0.022217 0.935703 -0.042361 0.350237 -0.004118
  1343 0.101000 0.004400 0.041000 0.036914 0.999071 0.022217 -0.350854 -0.007898 0.936397 0.935703 -0.042361 0.350237 -0.000148
  1411 0.102000 0.063000 -0.026000 0.007781 0.009772 -0.999922 -0.265314 0.964134 0.007378 0.964131 0.265236 0.010095 0.993771
  1412 0.102000 0.063000 -0.026000 0.007781 0.009772 -0.999922 -0.265314 0.964134 0.007378 0.964131 0.265236 0.010095 -0.001701
  1413 0.102000 0.063000 -0.026000 -0.265314 0.964134 0.007378 -0.007781 -0.009772 0.999922 0.964131 0.265236 0.010095 0.001252
  1421 0.106500 0.046900 -0.060000 0.031244 0.011796 -0.999442 -0.178030 0.984006 0.006039 0.983529 0.177742 0.032845 0.987632
  1422 0.106500 0.046900 -0.060000 -0.178030 0.984006 0.006039 -0.031244 -0.011796 0.999442 0.983529 0.177742 0.032845 -0.002760
  1423 0.106500 0.046900 -0.060000 0.031244 0.011796 -0.999442 -0.178030 0.984006 0.006039 0.983529 0.177742 0.032845 -0.000915
  1431 0.109800 0.013100 -0.062200 0.018055 0.004440 -0.999827 -0.001458 0.999989 0.004373 0.999836 0.001379 0.018061 1.005475
  1432 0.109800 0.013100 -0.062200 -0.001458 0.999989 0.004373 -0.018055 -0.004440 0.999827 0.999836 0.001379 0.018061 -0.005681
  1433 0.109800 0.013100 -0.062200 0.018055 0.004440 -0.999827 -0.001458 0.999989 0.004373 0.999836 0.001379 0.018061 -0.001373
  1441 0.108300 0.030100 -0.026200 -0.017609 0.003290 -0.999840 -0.113053 0.993575 0.005331 0.993433 0.113129 -0.017124 1.001514
  1442 0.108300 0.030100 -0.026200 -0.017609 0.003290 -0.999840 -0.113053 0.993575 0.005331 0.993433 0.113129 -0.017124 -0.001728
  1443 0.108300 0.030100 -0.026200 -0.113053 0.993575 0.005331 0.017609 -0.003290 0.999840 0.993433 0.113129 -0.017124 0.001604
  1511 -0.108800 -0.003200 -0.028400 0.018329 0.000614 -0.999832 0.083178 -0.996534 0.000856 -0.996366 -0.083180 -0.018317 1.003214
  1512 -0.108800 -0.003200 -0.028400 0.018329 0.000614 -0.999832 0.083178 -0.996534 0.000856 -0.996366 -0.083180 -0.018317 -0.007123
  1513 -0.108800 -0.003200 -0.028400 0.083178 -0.996534 0.000856 -0.018329 -0.000614 0.999832 -0.996366 -0.083180 -0.018317 0.000838
  1521 -0.101700 -0.036000 -0.028100 0.028729 0.003022 -0.999583 0.352640 -0.935730 0.007349 -0.935318 -0.352703 -0.027948 1.000054
  1522 -0.101700 -0.036000 -0.028100 0.028729 0.003022 -0.999583 0.352640 -0.935730 0.007349 -0.935318 -0.352703 -0.027948 -0.005741
  1523 -0.101700 -0.036000 -0.028100 0.352640 -0.935730 0.007349 -0.028729 -0.003022 0.999583 -0.935318 -0.352703 -0.027948 0.000460
  1531 -0.095100 -0.052400 -0.062300 -0.024690 -0.004610 -0.999685 0.451789 -0.892097 -0.007016 -0.891783 -0.451820 0.024109 0.995996
  1532 -0.095100 -0.052400 -0.062300 0.451789 -0.892097 -0.007016 0.024690 0.004610 0.999685 -0.891783 -0.451820 0.024109 -0.003412
  1533 -0.095100 -0.052400 -0.062300 -0.024690 -0.004610 -0.999685 0.451789 -0.892097 -0.007016 -0.891783 -0.451820 0.024109 0.001819
  1541 -0.106800 -0.020500 -0.062500 -0.020955 0.000312 -0.999780 0.189513 -0.981869 -0.004291 -0.981654 -0.189563 0.020517 0.996591
  1542 -0.106800 -0.020500 -0.062500 0.189513 -0.981869 -0.004291 0.020955 -0.000312 0.999780 -0.981654 -0.189563 0.020517 -0.005112
  1543 -0.106800 -0.020500 -0.062500 -0.020955 0.000312 -0.999780 0.189513 -0.981869 -0.004291 -0.981654 -0.189563 0.020517 0.001011
  1611 -0.101700 -0.033900 0.005600 -0.062890 -0.029615 -0.997581 0.338326 -0.941005 0.006658 -0.938926 -0.337089 0.069199 0.999191
  1612 -0.101700 -0.033900 0.005600 0.338326 -0.941005 0.006658 0.062890 0.029615 0.997581 -0.938926 -0.337089 0.069199 -0.006609
  1613 -0.101700 -0.033900 0.005600 -0.062890 -0.029615 -0.997581 0.338326 -0.941005 0.006658 -0.938926 -0.337089 0.069199 0.000619
  1621 -0.095200 -0.030800 0.039100 -0.326946 -0.058970 -0.943202 0.310916 -0.949207 -0.048339 -0.892444 -0.309060 0.328674 1.004799
  1622 -0.095200 -0.030800 0.039100 -0.326946 -0.058970 -0.943202 0.310916 -0.949207 -0.048339 -0.892444 -0.309060 0.328674 -0.008988
  1623 -0.095200 -0.030800 0.039100 0.310916 -0.949207 -0.048339 0.326946 0.058970 0.943202 -0.892444 -0.309060 0.328674 -0.000960
  1631 -0.078100 -0.062800 0.039400 -0.262364 -0.201819 -0.943628 0.599177 -0.800603 0.004605 -0.756401 -0.564192 0.330976 1.006360
  1632 -0.078100 -0.062800 0.039400 -0.262364 -0.201819 -0.943628 0.599177 -0.800603 0.004605 -0.756401 -0.564192 0.330976 -0.005303
  1633 -0.078100 -0.062800 0.039400 0.599177 -0.800603 0.004605 0.262364 0.201819 0.943628 -0.756401 -0.564192 0.330976 -0.001242
  1641 -0.086600 -0.064000 0.005500 -0.061403 -0.048888 -0.996915 0.570624 -0.821196 0.005070 -0.818911 -0.568552 0.078321 1.002043
  1642 -0.086600 -0.064000 0.005500 0.570624 -0.821196 0.005070 0.061403 0.048888 0.996915 -0.818911 -0.568552 0.078321 -0.004067
  1643 -0.086600 -0.064000 0.005500 -0.061403 -0.048888 -0.996915 0.570624 -0.821196 0.005070 -0.818911 -0.568552 0.078321 0.002042
  1711 -0.075800 -0.079700 -0.062100 -0.004295 -0.019227 -0.999806 0.671608 -0.740820 0.011318 -0.740894 -0.671429 0.016095 1.003963
  1712 -0.075800 -0.079700 -0.062100 0.671608 -0.740820 0.011318 0.004295 0.019227 0.999806 -0.740894 -0.671429 0.016095 -0.006130
  1713 -0.075800 -0.079700 -0.062100 -0.004295 -0.019227 -0.999806 0.671608 -0.740820 0.011318 -0.740894 -0.671429 0.016095 -0.000279
  1721 -0.086100 -0.066000 -0.028200 0.021165 0.008249 -0.999742 0.579510 -0.814947 0.005540 -0.814691 -0.579478 -0.022029 1.005632
  1722 -0.086100 -0.066000 -0.028200 0.021165 0.008249 -0.999742 0.579510 -0.814947 0.005540 -0.814691 -0.579478 -0.022029 -0.000324
  1723 -0.086100 -0.066000 -0.028200 0.579510 -0.814947 0.005540 -0.021165 -0.008249 0.999742 -0.814691 -0.579478 -0.022029 0.001096
  1731 -0.063200 -0.090500 -0.027800 0.024856 0.035781 -0.999051 0.814859 -0.579659 -0.000436 -0.579124 -0.814075 -0.043565 0.999233
  1732 -0.063200 -0.090500 -0.027800 0.024856 0.035781 -0.999051 0.814859 -0.579659 -0.000436 -0.579124 -0.814075 -0.043565 -0.004569
  1733 -0.063200 -0.090500 -0.027800 0.814859 -0.579659 -0.000436 -0.024856 -0.035781 0.999051 -0.579124 -0.814075 -0.043565 0.000078
  1741 -0.048900 -0.099400 -0.062100 -0.012877 -0.017516 -0.999764 0.891243 -0.453514 -0.003525 -0.453344 -0.891078 0.021451 1.001599
  1742 -0.048900 -0.099400 -0.062100 0.891243 -0.453514 -0.003525 0.012877 0.017516 0.999764 -0.453344 -0.891078 0.021451 -0.003392
  1743 -0.048900 -0.099400 -0.062100 -0.012877 -0.017516 -0.999764 0.891243 -0.453514 -0.003525 -0.453344 -0.891078 0.021451 0.002222
  1811 -0.078600 -0.028700 0.069600 -0.615199 -0.040019 -0.787355 0.248746 -0.957547 -0.145699 -0.748099 -0.285486 0.599037 1.002501
  1812 -0.078600 -0.028700 0.069600 0.248746 -0.957547 -0.145699 0.615199 0.040019 0.787355 -0.748099 -0.285486 0.599037 -0.007591
  1813 -0.078600 -0.028700 0.069600 -0.615199 -0.040019 -0.787355 0.248746 -0.957547 -0.145699 -0.748099 -0.285486 0.599037 -0.000539
  1821 -0.051800 -0.027700 0.092700 -0.861173 0.024233 -0.507734 0.108989 -0.966786 -0.231184 -0.496473 -0.254427 0.829929 1.000404
  1822 -0.051800 -0.027700 0.092700 -0.861173 0.024233 -0.507734 0.108989 -0.966786 -0.231184 -0.496473 -0.254427 0.829929 -0.002450
  1823 -0.051800 -0.027700 0.092700 0.108989 -0.966786 -0.231184 0.861173 -0.024233 0.507734 -0.496473 -0.254427 0.829929 -0.000730
  1831 -0.018100 -0.054200 0.092300 0.069458 -0.846045 -0.528566 0.988687 -0.012195 0.149495 -0.132925 -0.532970 0.835627 0.993820
  1832 -0.018100 -0.054200 0.092300 0.069458 -0.846045 -0.528566 0.988687 -0.012195 0.149495 -0.132925 -0.532970 0.835627 -0.007426
  1833 -0.018100 -0.054200 0.092300 0.988687 -0.012195 0.149495 -0.069458 0.846045 0.528566 -0.132925 -0.532970 0.835627 0.000107
  1841 -0.055200 -0.062700 0.070700 -0.386418 -0.502897 -0.773160 0.780302 -0.625180 0.016669 -0.491748 -0.596857 0.633992 1.002315
  1842 -0.055200 -0.062700 0.070700 0.780302 -0.625180 0.016669 0.386418 0.502897 0.773160 -0.491748 -0.596857 0.633992 -0.004783
  1843 -0.055200 -0.062700 0.070700 -0.386418 -0.502897 -0.773160 0.780302 -0.625180 0.016669 -0.491748 -0.596857 0.633992 0.003649
  1911 -0.051300 -0.086100 0.039700 -0.156476 -0.304869 -0.939452 0.882638 -0.470021 0.005553 -0.443255 -0.828327 0.342636 1.005453
  1912 -0.051300 -0.086100 0.039700 -0.156476 -0.304869 -0.939452 0.882638 -0.470021 0.005553 -0.443255 -0.828327 0.342636 -0.005404
  1913 -0.051300 -0.086100 0.039700 0.882638 -0.470021 0.005553 0.156476 0.304869 0.939452 -0.443255 -0.828327 0.342636 0.000125
  1921 -0.033500 -0.103300 0.006200 -0.045729 -0.145926 -0.988238 0.960403 -0.278596 -0.003305 -0.274836 -0.949258 0.152888 1.001178
  1922 -0.033500 -0.103300 0.006200 0.960403 -0.278596 -0.003305 0.045729 0.145926 0.988238 -0.274836 -0.949258 0.152888 -0.000352
  1923 -0.033500 -0.103300 0.006200 -0.045729 -0.145926 -0.988238 0.960403 -0.278596 -0.003305 -0.274836 -0.949258 0.152888 0.002987
  1931 -0.033100 -0.105100 -0.027800 0.008357 0.023827 -0.999681 0.953344 -0.301886 0.000770 -0.301771 -0.953046 -0.025238 0.994573
  1932 -0.033100 -0.105100 -0.027800 0.008357 0.023827 -0.999681 0.953344 -0.301886 0.000770 -0.301771 -0.953046 -0.025238 -0.001470
  1933 -0.033100 -0.105100 -0.027800 0.953344 -0.301886 0.000770 -0.008357 -0.023827 0.999681 -0.301771 -0.953046 -0.025238 -0.000059
  1941 -0.063600 -0.088400 0.006000 -0.066387 -0.089150 -0.993803 0.808509 -0.588482 -0.001174 -0.584731 -0.803577 0.111146 1.004081
  1942 -0.063600 -0.088400 0.006000 0.808509 -0.588482 -0.001174 0.066387 0.089150 0.993803 -0.584731 -0.803577 0.111146 -0.003500
  1943 -0.063600 -0.088400 0.006000 -0.066387 -0.089150 -0.993803 0.808509 -0.588482 -0.001174 -0.584731 -0.803577 0.111146 0.001074
  2011 -0.018600 -0.080100 0.069000 -0.000788 -0.619072 -0.785334 0.991850 -0.100551 0.078254 -0.127411 -0.778871 0.614106 0.998223
  2012 -0.018600 -0.080100 0.069000 0.991850 -0.100551 0.078254 0.000788 0.619072 0.785334 -0.127411 -0.778871 0.614106 -0.004590
  2013 -0.018600 -0.080100 0.069000 -0.000788 -0.619072 -0.785334 0.991850 -0.100551 0.078254 -0.127411 -0.778871 0.614106 -0.001030
  2021 0.018600 -0.080200 0.068900 0.001417 -0.625748 -0.780024 0.986563 0.128328 -0.101122 0.163377 -0.769400 0.617521 1.000355
  2022 0.018600 -0.080200 0.068900 0.986563 0.128328 -0.101122 -0.001417 0.625748 0.780024 0.163377 -0.769400 0.617521 -0.003116
  2023 0.018600 -0.080200 0.068900 0.001417 -0.625748 -0.780024 0.986563 0.128328 -0.101122 0.163377 -0.769400 0.617521 0.000505
  2031 0.016900 -0.097200 0.039700 -0.000261 -0.373139 -0.927775 0.989678 0.132864 -0.053709 0.143309 -0.918213 0.369253 0.999489
  2032 0.016900 -0.097200 0.039700 -0.000261 -0.373139 -0.927775 0.989678 0.132864 -0.053709 0.143309 -0.918213 0.369253 -0.003843
  2033 0.016900 -0.097200 0.039700 0.989678 0.132864 -0.053709 0.000261 0.373139 0.927775 0.143309 -0.918213 0.369253 -0.000067
  2041 -0.017000 -0.097200 0.039700 -0.000473 -0.373628 -0.927579 0.990093 -0.130398 0.052076 -0.140412 -0.918364 0.369988 1.001320
  2042 -0.017000 -0.097200 0.039700 -0.000473 -0.373628 -0.927579 0.990093 -0.130398 0.052076 -0.140412 -0.918364 0.369988 -0.003286
  2043 -0.017000 -0.097200 0.039700 0.990093 -0.130398 0.052076 0.000473 0.373628 0.927579 -0.140412 -0.918364 0.369988 0.000186
  2111 0.000000 -0.108600 0.007000 -0.000159 -0.165811 -0.986157 0.999701 0.024090 -0.004225 0.024457 -0.985863 0.165759 1.000844
  2112 0.000000 -0.108600 0.007000 0.999701 0.024090 -0.004225 0.000159 0.165811 0.986157 0.024457 -0.985863 0.165759 -0.002289
  2113 0.000000 -0.108600 0.007000 -0.000159 -0.165811 -0.986157 0.999701 0.024090 -0.004225 0.024457 -0.985863 0.165759 0.000470
  2121 0.000000 -0.110600 -0.027500 0.000035 0.035006 -0.999387 0.999920 0.012678 0.000495 0.012687 -0.999307 -0.035003 0.993260
  2122 0.000000 -0.110600 -0.027500 0.000035 0.035006 -0.999387 0.999920 0.012678 0.000495 0.012687 -0.999307 -0.035003 -0.001721
  2123 0.000000 -0.110600 -0.027500 0.999920 0.012678 0.000495 -0.000035 -0.035006 0.999387 0.012687 -0.999307 -0.035003 -0.000165
  2131 0.017000 -0.109800 -0.061800 0.011069 -0.021824 -0.999701 0.986267 0.164995 0.007381 0.164784 -0.986053 0.023351 0.996418
  2132 0.017000 -0.109800 -0.061800 0.986267 0.164995 0.007381 -0.011069 0.021824 0.999701 0.164784 -0.986053 0.023351 -0.003321
  2133 0.017000 -0.109800 -0.061800 0.011069 -0.021824 -0.999701 0.986267 0.164995 0.007381 0.164784 -0.986053 0.023351 0.001501
  2141 -0.017100 -0.109800 -0.061900 -0.008107 -0.022253 -0.999720 0.982195 -0.187827 -0.003748 -0.187690 -0.981950 0.023380 1.006609
  2142 -0.017100 -0.109800 -0.061900 0.982195 -0.187827 -0.003748 0.008107 0.022253 0.999720 -0.187690 -0.981950 0.023380 -0.003312
  2143 -0.017100 -0.109800 -0.061900 -0.008107 -0.022253 -0.999720 0.982195 -0.187827 -0.003748 -0.187690 -0.981950 0.023380 0.002449
  2211 0.051700 -0.027600 0.092800 0.860141 0.026923 -0.509345 0.108594 0.966044 0.234450 0.498362 -0.256972 0.828010 0.994276
  2212 0.051700 -0.027600 0.092800 0.860141 0.026923 -0.509345 0.108594 0.966044 0.234450 0.498362 -0.256972 0.828010 -0.002850
  2213 0.051700 -0.027600 0.092800 0.108594 0.966044 0.234450 -0.860141 -0.026923 0.509345 0.498362 -0.256972 0.828010 -0.000681
  2221 0.078600 -0.028400 0.069800 0.626009 -0.042195 -0.778673 0.227719 0.964896 0.130842 0.745818 -0.259227 0.613643 1.003824
  2222 0.078600 -0.028400 0.069800 0.227719 0.964896 0.130842 -0.626009 0.042195 0.778673 0.745818 -0.259227 0.613643 -0.006063
  2223 0.078600 -0.028400 0.069800 0.626009 -0.042195 -0.778673 0.227719 0.964896 0.130842 0.745818 -0.259227 0.613643 0.000649
  2231 0.055300 -0.062800 0.070600 0.377712 -0.493312 -0.783567 0.755553 0.653386 -0.047189 0.535250 -0.574202 0.619515 0.994843
  2232 0.055300 -0.062800 0.070600 0.755553 0.653386 -0.047189 -0.377712 0.493312 0.783567 0.535250 -0.574202 0.619515 0.000348
  2233 0.055300 -0.062800 0.070600 0.377712 -0.493312 -0.783567 0.755553 0.653386 -0.047189 0.535250 -0.574202 0.619515 0.000375
  2241 0.018200 -0.054200 0.092200 -0.069775 -0.841813 -0.535240 0.989095 0.011362 -0.146840 0.129693 -0.539650 0.831840 0.996380
  2242 0.018200 -0.054200 0.092200 -0.069775 -0.841813 -0.535240 0.989095 0.011362 -0.146840 0.129693 -0.539650 0.831840 -0.004756
  2243 0.018200 -0.054200 0.092200 0.989095 0.011362 -0.146840 0.069775 0.841813 0.535240 0.129693 -0.539650 0.831840 0.000828
  2311 0.051300 -0.086100 0.039700 0.151953 -0.300287 -0.941668 0.876902 0.480525 -0.011763 0.456028 -0.823963 0.336339 0.999940
  2312 0.051300 -0.086100 0.039700 0.151953 -0.300287 -0.941668 0.876902 0.480525 -0.011763 0.456028 -0.823963 0.336339 -0.002733
  2313 0.051300 -0.086100 0.039700 0.876902 0.480525 -0.011763 -0.151953 0.300287 0.941668 0.456028 -0.823963 0.336339 0.001162
  2321 0.063700 -0.088400 0.006200 0.059187 -0.075000 -0.995426 0.798696 0.601731 0.002205 0.598813 -0.795173 0.095517 1.002725
  2322 0.063700 -0.088400 0.006200 0.798696 0.601731 0.002205 -0.059187 0.075000 0.995426 0.598813 -0.795173 0.095517 0.001423
  2323 0.063700 -0.088400 0.006200 0.059187 -0.075000 -0.995426 0.798696 0.601731 0.002205 0.598813 -0.795173 0.095517 0.001608
  2331 0.033000 -0.105100 -0.027700 -0.004679 0.022627 -0.999733 0.949019 0.315207 0.002679 0.315183 -0.948753 -0.022949 0.998953
  2332 0.033000 -0.105100 -0.027700 -0.004679 0.022627 -0.999733 0.949019 0.315207 0.002679 0.315183 -0.948753 -0.022949 -0.000710
  2333 0.033000 -0.105100 -0.027700 0.949019 0.315207 0.002679 0.004679 -0.022627 0.999733 0.315183 -0.948753 -0.022949 0.000958
  2341 0.033300 -0.103400 0.006300 0.042301 -0.125682 -0.991168 0.947714 0.319121 -0.000015 0.316305 -0.939343 0.132609 1.002203
  2342 0.033300 -0.103400 0.006300 0.947714 0.319121 -0.000015 -0.042301 0.125682 0.991168 0.316305 -0.939343 0.132609 -0.003219
  2343 0.033300 -0.103400 0.006300 0.042301 -0.125682 -0.991168 0.947714 0.319121 -0.000015 0.316305 -0.939343 0.132609 -0.000107
  2411 0.095200 -0.030600 0.039200 0.315011 -0.060536 -0.947155 0.308296 0.950371 0.041811 0.897618 -0.305175 0.318040 1.003934
  2412 0.095200 -0.030600 0.039200 0.315011 -0.060536 -0.947155 0.308296 0.950371 0.041811 0.897618 -0.305175 0.318040 -0.001129
  2413 0.095200 -0.030600 0.039200 0.308296 0.950371 0.041811 -0.315011 0.060536 0.947155 0.897618 -0.305175 0.318040 -0.000382
  2421 0.101700 -0.033800 0.005800 0.068677 -0.029153 -0.997213 0.315331 0.948963 -0.005997 0.946493 -0.314040 0.074364 1.000143
  2422 0.101700 -0.033800 0.005800 0.315331 0.948963 -0.005997 -0.068677 0.029153 0.997213 0.946493 -0.314040 0.074364 -0.012264
  2423 0.101700 -0.033800 0.005800 0.068677 -0.029153 -0.997213 0.315331 0.948963 -0.005997 0.946493 -0.314040 0.074364 -0.001200
  2431 0.086600 -0.063900 0.005600 0.060511 -0.045069 -0.997150 0.546852 0.837217 -0.004621 0.835038 -0.545013 0.075307 1.000343
  2432 0.086600 -0.063900 0.005600 0.546852 0.837217 -0.004621 -0.060511 0.045069 0.997150 0.835038 -0.545013 0.075307 0.005935
  2433 0.086600 -0.063900 0.005600 0.060511 -0.045069 -0.997150 0.546852 0.837217 -0.004621 0.835038 -0.545013 0.075307 0.000582
  2441 0.078100 -0.062900 0.039400 0.256519 -0.201298 -0.945345 0.594184 0.804267 -0.009955 0.762314 -0.559155 0.325919 1.007484
  2442 0.078100 -0.062900 0.039400 0.256519 -0.201298 -0.945345 0.594184 0.804267 -0.009955 0.762314 -0.559155 0.325919 -0.001295
  2443 0.078100 -0.062900 0.039400 0.594184 0.804267 -0.009955 -0.256519 0.201298 0.945345 0.762314 -0.559155 0.325919 0.004477
  2511 0.063000 -0.090600 -0.027600 -0.021176 0.035455 -0.999147 0.800562 0.599235 0.004247 0.598873 -0.799790 -0.041074 0.998044
  2512 0.063000 -0.090600 -0.027600 -0.021176 0.035455 -0.999147 0.800562 0.599235 0.004247 0.598873 -0.799790 -0.041074 -0.003937
  2513 0.063000 -0.090600 -0.027600 0.800562 0.599235 0.004247 0.021176 -0.035455 0.999147 0.598873 -0.799790 -0.041074 -0.001055
  2521 0.086100 -0.066100 -0.028000 -0.021574 0.011889 -0.999697 0.563028 0.826435 -0.002353 0.826156 -0.562908 -0.024523 0.999826
  2522 0.086100 -0.066100 -0.028000 -0.021574 0.011889 -0.999697 0.563028 0.826435 -0.002353 0.826156 -0.562908 -0.024523 0.000315
  2523 0.086100 -0.066100 -0.028000 0.563028 0.826435 -0.002353 0.021574 -0.011889 0.999697 0.826156 -0.562908 -0.024523 -0.001728
  2531 0.075700 -0.079800 -0.062000 0.018051 -0.004485 -0.999827 0.690734 0.723049 0.009299 0.722882 -0.690782 0.016150 1.001276
  2532 0.075700 -0.079800 -0.062000 0.690734 0.723049 0.009299 -0.018051 0.004485 0.999827 0.722882 -0.690782 0.016150 -0.000540
  2533 0.075700 -0.079800 -0.062000 0.018051 -0.004485 -0.999827 0.690734 0.723049 0.009299 0.722882 -0.690782 0.016150 -0.000486
  2541 0.048800 -0.099400 -0.062100 0.015772 -0.017112 -0.999729 0.905595 0.424084 0.007102 0.423848 -0.905462 0.022186 0.998642
  2542 0.048800 -0.099400 -0.062100 0.905595 0.424084 0.007102 -0.015772 0.017112 0.999729 0.423848 -0.905462 0.022186 -0.002235
  2543 0.048800 -0.099400 -0.062100 0.015772 -0.017112 -0.999729 0.905595 0.424084 0.007102 0.423848 -0.905462 0.022186 0.001127
  2611 0.108700 -0.003300 -0.028000 -0.027921 0.003955 -0.999602 0.068277 0.997664 0.002012 0.997276 -0.068194 -0.028126 1.000780
  2612 0.108700 -0.003300 -0.028000 -0.027921 0.003955 -0.999602 0.068277 0.997664 0.002012 0.997276 -0.068194 -0.028126 0.000070
  2613 0.108700 -0.003300 -0.028000 0.068277 0.997664 0.002012 0.027921 -0.003955 0.999602 0.997276 -0.068194 -0.028126 0.000958
  2621 0.106800 -0.020600 -0.062100 0.026356 0.001481 -0.999652 0.228083 0.973613 0.007436 0.973285 -0.228200 0.025322 1.000509
  2622 0.106800 -0.020600 -0.062100 0.228083 0.973613 0.007436 -0.026356 -0.001481 0.999652 0.973285 -0.228200 0.025322 -0.005046
  2623 0.106800 -0.020600 -0.062100 0.026356 0.001481 -0.999652 0.228083 0.973613 0.007436 0.973285 -0.228200 0.025322 -0.000440
  2631 0.095100 -0.052400 -0.062000 0.024835 -0.001949 -0.999690 0.479827 0.877304 0.010164 0.877012 -0.479931 0.022723 0.998183
  2632 0.095100 -0.052400 -0.062000 0.479827 0.877304 0.010164 -0.024835 0.001949 0.999690 0.877012 -0.479931 0.022723 -0.005965
  2633 0.095100 -0.052400 -0.062000 0.024835 -0.001949 -0.999690 0.479827 0.877304 0.010164 0.877012 -0.479931 0.022723 -0.000060
  2641 0.101700 -0.036100 -0.027800 -0.026973 0.005080 -0.999623 0.334904 0.942243 -0.004268 0.941866 -0.334892 -0.027117 1.001014
  2642 0.101700 -0.036100 -0.027800 -0.026986 0.005043 -0.999623 0.334903 0.942243 -0.004308 0.941866 -0.334892 -0.027117 -0.000884
  2643 0.101700 -0.036100 -0.027800 0.334903 0.942243 -0.004308 0.026986 -0.005043 0.999623 0.941866 -0.334892 -0.027117 0.000289
