   111 -0.106600 0.046400 -0.060400 -0.015818 0.006306 -0.999855 -0.194722 -0.980853 -0.003178 -0.980731 0.194643 0.016743 1.001940
   112 -0.106600 0.046400 -0.060400 -0.194722 -0.980853 -0.003178 0.015818 -0.006306 0.999855 -0.980731 0.194643 0.016743 -0.006457
   113 -0.106600 0.046400 -0.060400 -0.015818 0.006306 -0.999855 -0.194722 -0.980853 -0.003178 -0.980731 0.194643 0.016743 0.000790
   121 -0.102000 0.063100 -0.025600 -0.002177 0.005569 -0.999982 -0.262975 -0.964791 -0.004809 -0.964800 0.262959 0.003565 1.004290
   122 -0.102000 0.063100 -0.025600 -0.002177 0.005569 -0.999982 -0.262975 -0.964791 -0.004809 -0.964800 0.262959 0.003565 -0.005110
   123 -0.102000 0.063100 -0.025600 -0.262975 -0.964791 -0.004809 0.002177 -0.005569 0.999982 -0.964800 0.262959 0.003565 0.000844
   131 -0.108500 0.030200 -0.026600 0.009337 0.001665 -0.999955 -0.092478 -0.995712 -0.002484 -0.995671 0.092496 -0.009143 0.999955
   132 -0.108500 0.030200 -0.026600 0.009337 0.001665 -0.999955 -0.092478 -0.995712 -0.002484 -0.995671 0.092496 -0.009143 -0.006665
   133 -0.108500 0.030200 -0.026600 -0.092478 -0.995712 -0.002484 -0.009337 -0.001665 0.999955 -0.995671 0.092496 -0.009143 0.002253
   141 -0.109900 0.013100 -0.062700 -0.030960 0.002335 -0.999518 -0.036169 -0.999345 -0.001275 -0.998866 0.036112 0.031024 1.001122
   142 -0.109900 0.013100 -0.062700 -0.036169 -0.999345 -0.001275 0.030960 -0.002335 0.999518 -0.998866 0.036112 0.031024 -0.005108
   143 -0.109900 0.013100 -0.062700 -0.030960 0.002335 -0.999518 -0.036169 -0.999345 -0.001275 -0.998866 0.036112 0.031024 0.000911
   211 -0.107400 0.032900 0.008000 -0.047732 0.007348 -0.998833 -0.100945 -0.994889 -0.002528 -0.993746 0.100706 0.048230 0.998808
   212 -0.107400 0.032900 0.008000 -0.100945 -0.994889 -0.002528 0.047732 -0.007348 0.998833 -0.993746 0.100706 0.048230 -0.002897
   213 -0.107400 0.032900 0.008000 -0.047732 0.007348 -0.998833 -0.100945 -0.994889 -0.002528 -0.993746 0.100706 0.048230 0.000310
   221 -0.098900 0.040300 0.041300 -0.341312 0.059491 -0.938066 -0.163189 -0.986590 -0.003180 -0.925675 0.151996 0.346443 1.002959
   222 -0.098900 0.040300 0.041300 -0.341312 0.059491 -0.938066 -0.163189 -0.986590 -0.003180 -0.925675 0.151996 0.346443 -0.007581
   223 -0.098900 0.040300 0.041300 -0.163189 -0.986590 -0.003180 0.341312 -0.059491 0.938066 -0.925675 0.151996 0.346443 0.000782
   231 -0.101100 0.004400 0.040800 -0.342287 0.009177 -0.939551 0.041349 -0.998837 -0.024812 -0.938685 -0.047343 0.341509 1.001058
   232 -0.101100 0.004400 0.040800 -0.342287 0.009177 -0.939551 0.041349 -0.998837 -0.024812 -0.938685 -0.047343 0.341509 -0.005967
   233 -0.101100 0.004400 0.040800 0.041349 -0.998837 -0.024812 0.342287 -0.009177 0.939551 -0.938685 -0.047343 0.341509 0.000522
   241 -0.108300 -0.001100 0.007100 -0.069187 -0.010573 -0.997548 0.089110 -0.996012 0.004415 -0.993616 -0.088586 0.069853 1.000269
   242 -0.108300 -0.001100 0.007100 0.089110 -0.996012 0.004415 0.069187 0.010573 0.997548 -0.993616 -0.088586 0.069853 -0.003278
   243 -0.108300 -0.001100 0.007100 -0.069187 -0.010573 -0.997548 0.089110 -0.996012 0.004415 -0.993616 -0.088586 0.069853 0.000231
   311 -0.086100 0.098800 0.009000 -0.033549 0.117295 -0.992530 -0.484775 -0.870353 -0.086482 -0.873995 0.478252 0.086061 1.002469
   312 -0.086100 0.098800 0.009000 -0.484775 -0.870353 -0.086482 0.033549 -0.117295 0.992530 -0.873995 0.478252 0.086061 -0.003371
   313 -0.086100 0.098800 0.009000 -0.033549 0.117295 -0.992530 -0.484775 -0.870353 -0.086482 -0.873995 0.478252 0.086061 0.000196
   321 -0.088700 0.075700 0.041200 -0.350699 0.118531 -0.928957 -0.371704 -0.928093 0.021906 -0.859562 0.352979 0.369540 1.004072
   322 -0.088700 0.075700 0.041200 -0.350699 0.118531 -0.928957 -0.371704 -0.928093 0.021906 -0.859562 0.352979 0.369540 -0.006678
   323 -0.088700 0.075700 0.041200 -0.371704 -0.928093 0.021906 0.350699 -0.118531 0.928957 -0.859562 0.352979 0.369540 0.001033
   331 -0.070200 0.075800 0.070700 -0.588951 0.226457 -0.775793 -0.390373 -0.920240 0.027682 -0.707647 0.319152 0.630379 1.004324
   332 -0.070200 0.075800 0.070700 -0.390373 -0.920240 0.027682 0.588951 -0.226457 0.775793 -0.707647 0.319152 0.630379 -0.003679
   333 -0.070200 0.075800 0.070700 -0.588951 0.226457 -0.775793 -0.390373 -0.920240 0.027682 -0.707647 0.319152 0.630379 0.000076
   341 -0.100300 0.065900 0.008100 -0.065981 0.024755 -0.997514 -0.288796 -0.957379 -0.004664 -0.955115 0.287770 0.070318 1.001797
   342 -0.100300 0.065900 0.008100 -0.288796 -0.957379 -0.004664 0.065981 -0.024755 0.997514 -0.955115 0.287770 0.070318 -0.005284
   343 -0.100300 0.065900 0.008100 -0.065981 0.024755 -0.997514 -0.288796 -0.957379 -0.004664 -0.955115 0.287770 0.070318 -0.000064
   411 -0.080800 0.041300 0.072000 -0.635652 0.047837 -0.770492 -0.135468 -0.989504 0.050306 -0.759999 0.136354 0.635460 1.006926
   412 -0.080800 0.041300 0.072000 -0.135468 -0.989504 0.050306 0.635652 -0.047837 0.770492 -0.759999 0.136354 0.635460 -0.003404
   413 -0.080800 0.041300 0.072000 -0.635652 0.047837 -0.770492 -0.135468 -0.989504 0.050306 -0.759999 0.136354 0.635460 0.000274
   421 -0.052600 0.040600 0.095200 -0.874974 -0.019697 -0.483770 -0.057649 -0.987831 0.144455 -0.480728 0.154283 0.863190 0.996945
   422 -0.052600 0.040600 0.095200 -0.874974 -0.019697 -0.483770 -0.057649 -0.987831 0.144455 -0.480728 0.154283 0.863190 -0.001009
   423 -0.052600 0.040600 0.095200 -0.057649 -0.987831 0.144455 0.874974 0.019697 0.483770 -0.480728 0.154283 0.863190 0.000770
   431 -0.053700 0.005900 0.096900 -0.870631 -0.017817 -0.491614 0.028860 -0.999470 -0.015052 -0.491086 -0.027293 0.870683 0.999787
   432 -0.053700 0.005900 0.096900 -0.870631 -0.017817 -0.491614 0.028860 -0.999470 -0.015052 -0.491086 -0.027293 0.870683 -0.004703
   433 -0.053700 0.005900 0.096900 0.028860 -0.999470 -0.015052 0.870631 0.017817 0.491614 -0.491086 -0.027293 0.870683 0.000328
   441 -0.082900 0.006200 0.072800 -0.640375 0.002626 -0.768058 0.042383 -0.998351 -0.038713 -0.766893 -0.057344 0.639208 1.005071
   442 -0.082900 0.006200 0.072800 0.042383 -0.998351 -0.038713 0.640375 -0.002626 0.768058 -0.766893 -0.057344 0.639208 -0.004603
   443 -0.082900 0.006200 0.072800 -0.640375 0.002626 -0.768058 0.042383 -0.998351 -0.038713 -0.766893 -0.057344 0.639208 0.001154
   511 -0.063700 0.125400 0.013600 0.012922 0.224956 -0.974283 -0.788194 -0.597272 -0.148380 -0.615290 0.769842 0.169591 1.000427
   512 -0.063700 0.125400 0.013600 -0.788194 -0.597272 -0.148380 -0.012922 -0.224956 0.974283 -0.615290 0.769842 0.169591 -0.003476
   513 -0.063700 0.125400 0.013600 0.012922 0.224956 -0.974283 -0.788194 -0.597272 -0.148380 -0.615290 0.769842 0.169591 0.000862
   521 -0.033200 0.139700 0.017400 0.009649 0.221774 -0.975050 -0.957075 -0.280434 -0.073240 -0.289681 0.933903 0.209548 0.998972
   522 -0.033200 0.139700 0.017400 -0.957075 -0.280434 -0.073240 -0.009649 -0.221774 0.975050 -0.289681 0.933903 0.209548 -0.002276
   523 -0.033200 0.139700 0.017400 0.009649 0.221774 -0.975050 -0.957075 -0.280434 -0.073240 -0.289681 0.933903 0.209548 0.000279
   531 -0.033700 0.127400 0.048500 -0.053044 0.472401 -0.879786 -0.960055 -0.266504 -0.085264 -0.274745 0.840121 0.467667 0.997747
   532 -0.033700 0.127400 0.048500 -0.053044 0.472401 -0.879786 -0.960055 -0.266504 -0.085264 -0.274745 0.840121 0.467667 -0.002079
   533 -0.033700 0.127400 0.048500 -0.960055 -0.266504 -0.085264 0.053044 -0.472401 0.879786 -0.274745 0.840121 0.467667 0.000750
   541 -0.067200 0.108900 0.044300 -0.176154 0.382271 -0.907105 -0.706514 -0.690773 -0.153852 -0.685417 0.613781 0.391762 1.001439
   542 -0.067200 0.108900 0.044300 -0.176154 0.382271 -0.907105 -0.706514 -0.690773 -0.153852 -0.685417 0.613781 0.391762 -0.004992
   543 -0.067200 0.108900 0.044300 -0.706514 -0.690773 -0.153852 0.176154 -0.382271 0.907105 -0.685417 0.613781 0.391762 0.000919
   611 -0.035800 0.104800 0.075000 -0.008975 0.769725 -0.638312 -0.955888 -0.194004 -0.220545 -0.293595 0.608176 0.737512 1.000802
   612 -0.035800 0.104800 0.075000 -0.955888 -0.194004 -0.220545 0.008975 -0.769725 0.638312 -0.293595 0.608176 0.737512 -0.005758
   613 -0.035800 0.104800 0.075000 -0.008975 0.769725 -0.638312 -0.955888 -0.194004 -0.220545 -0.293595 0.608176 0.737512 0.001082
   621 0.000100 0.077500 0.096700 0.000205 0.918779 -0.394773 -0.999994 0.001656 0.003113 0.003513 0.394770 0.918773 0.993291
   622 0.000100 0.077500 0.096700 0.000205 0.918779 -0.394773 -0.999994 0.001656 0.003113 0.003513 0.394770 0.918773 -0.002800
   623 0.000100 0.077500 0.096700 -0.999994 0.001656 0.003113 -0.000205 -0.918779 0.394773 0.003513 0.394770 0.918773 0.000283
   631 -0.018400 0.044000 0.106300 0.007321 0.982834 -0.184347 -0.991316 -0.016979 -0.130400 -0.131291 0.183702 0.974175 0.996865
   632 -0.018400 0.044000 0.106300 -0.991316 -0.016979 -0.130400 -0.007321 -0.982834 0.184347 -0.131291 0.183702 0.974175 -0.005613
   633 -0.018400 0.044000 0.106300 0.007321 0.982834 -0.184347 -0.991316 -0.016979 -0.130400 -0.131291 0.183702 0.974175 0.000306
   641 -0.036800 0.075300 0.092200 -0.027334 0.899466 -0.436136 -0.951950 -0.156529 -0.263230 -0.305034 0.407985 0.860525 0.996699
   642 -0.036800 0.075300 0.092200 -0.027334 0.899466 -0.436136 -0.951950 -0.156529 -0.263230 -0.305034 0.407985 0.860525 -0.002341
   643 -0.036800 0.075300 0.092200 -0.951950 -0.156529 -0.263230 0.027334 -0.899466 0.436136 -0.305034 0.407985 0.860525 0.000901
   711 -0.018500 0.010500 0.109600 -0.989010 -0.011919 -0.147370 0.013237 -0.999879 -0.008210 -0.147254 -0.010070 0.989047 0.993350
   712 -0.018500 0.010500 0.109600 0.013237 -0.999879 -0.008210 0.989010 0.011919 0.147370 -0.147254 -0.010070 0.989047 -0.003406
   713 -0.018500 0.010500 0.109600 -0.989010 -0.011919 -0.147370 0.013237 -0.999879 -0.008210 -0.147254 -0.010070 0.989047 -0.001014
   721 0.018600 0.010500 0.109600 0.988131 -0.007345 -0.153437 0.002552 0.999506 -0.031336 0.153591 0.030573 0.987661 0.993375
   722 0.018600 0.010500 0.109600 0.002552 0.999506 -0.031336 -0.988131 0.007345 0.153437 0.153591 0.030573 0.987661 -0.006266
   723 0.018600 0.010500 0.109600 0.988131 -0.007345 -0.153437 0.002552 0.999506 -0.031336 0.153591 0.030573 0.987661 0.000346
   731 0.018600 -0.023300 0.105900 -0.036078 -0.971119 -0.235854 0.987608 0.001409 -0.156937 0.152737 -0.238594 0.959033 0.992017
   732 0.018600 -0.023300 0.105900 0.987608 0.001409 -0.156937 0.036078 0.971119 0.235854 0.152737 -0.238594 0.959033 -0.004136
   733 0.018600 -0.023300 0.105900 -0.036078 -0.971119 -0.235854 0.987608 0.001409 -0.156937 0.152737 -0.238594 0.959033 0.000326
   741 -0.018500 -0.023700 0.105800 0.039224 -0.970124 -0.239416 0.992600 0.010194 0.120998 -0.114943 -0.242392 0.963345 0.993179
   742 -0.018500 -0.023700 0.105800 0.992600 0.010194 0.120998 -0.039224 0.970124 0.239416 -0.114943 -0.242392 0.963345 -0.004894
   743 -0.018500 -0.023700 0.105800 0.039224 -0.970124 -0.239416 0.992600 0.010194 0.120998 -0.114943 -0.242392 0.963345 -0.000387
   811 0.000100 0.144500 0.018700 -0.000320 0.253571 -0.967317 -0.999963 -0.008384 -0.001830 -0.008573 0.967280 0.253565 0.996374
   812 0.000100 0.144500 0.018700 -0.999963 -0.008384 -0.001830 0.000320 -0.253571 0.967317 -0.008573 0.967280 0.253565 -0.001773
   813 0.000100 0.144500 0.018700 -0.000320 0.253571 -0.967317 -0.999963 -0.008384 -0.001830 -0.008573 0.967280 0.253565 0.000980
   821 0.000100 0.131600 0.050000 0.000699 0.499936 -0.866062 -0.999993 -0.002976 -0.002435 -0.003795 0.866057 0.499930 0.997157
   822 0.000100 0.131600 0.050000 0.000699 0.499936 -0.866062 -0.999993 -0.002976 -0.002435 -0.003795 0.866057 0.499930 -0.002701
   823 0.000100 0.131600 0.050000 -0.999993 -0.002976 -0.002435 -0.000699 -0.499936 0.866062 -0.003795 0.866057 0.499930 0.001301
   911 0.033100 0.139700 0.017300 -0.005356 0.236303 -0.971665 -0.964978 0.253628 0.067016 0.262278 0.937993 0.226669 0.997793
   912 0.033100 0.139700 0.017300 -0.964978 0.253628 0.067016 0.005356 -0.236303 0.971665 0.262278 0.937993 0.226669 -0.003290
   913 0.033100 0.139700 0.017300 -0.005356 0.236303 -0.971665 -0.964978 0.253628 0.067016 0.262278 0.937993 0.226669 0.000710
   921 0.063800 0.125300 0.013500 -0.026870 0.211761 -0.976952 -0.787094 0.597982 0.151332 0.616245 0.773020 0.150608 0.999320
   922 0.063800 0.125300 0.013500 -0.787094 0.597982 0.151332 0.026870 -0.211761 0.976952 0.616245 0.773020 0.150608 -0.004047
   923 0.063800 0.125300 0.013500 -0.026870 0.211761 -0.976952 -0.787094 0.597982 0.151332 0.616245 0.773020 0.150608 -0.000123
   931 0.067100 0.108800 0.044400 0.174645 0.376718 -0.909716 -0.712774 0.685789 0.147127 0.679299 0.622727 0.388284 1.003390
   932 0.067100 0.108800 0.044400 0.174645 0.376718 -0.909716 -0.712774 0.685789 0.147127 0.679299 0.622727 0.388284 -0.002009
   933 0.067100 0.108800 0.044400 -0.712774 0.685789 0.147127 -0.174645 -0.376718 0.909716 0.679299 0.622727 0.388284 0.001422
   941 0.033800 0.127300 0.048600 0.055925 0.469931 -0.880930 -0.963391 0.257094 0.076034 0.262212 0.844427 0.467105 0.998795
   942 0.033800 0.127300 0.048600 0.055925 0.469931 -0.880930 -0.963391 0.257094 0.076034 0.262212 0.844427 0.467105 -0.001483
   943 0.033800 0.127300 0.048600 -0.963391 0.257094 0.076034 -0.055925 -0.469931 0.880930 0.262212 0.844427 0.467105 -0.000021
  1011 0.000100 0.109300 0.077100 0.000854 0.760709 -0.649092 -0.999782 -0.012927 -0.016379 -0.020851 0.648966 0.760532 1.002335
  1012 0.000100 0.109300 0.077100 -0.999782 -0.012927 -0.016379 -0.000854 -0.760709 0.649092 -0.020851 0.648966 0.760532 -0.001793
  1013 0.000100 0.109300 0.077100 0.000854 0.760709 -0.649092 -0.999782 -0.012927 -0.016379 -0.020851 0.648966 0.760532 0.001198
  1021 0.035800 0.104800 0.075000 0.004859 0.763760 -0.645482 -0.962793 0.178004 0.203333 0.270197 0.620477 0.736208 1.006937
  1022 0.035800 0.104800 0.075000 -0.962793 0.178004 0.203333 -0.004859 -0.763760 0.645482 0.270197 0.620477 0.736208 -0.003589
  1023 0.035800 0.104800 0.075000 0.004859 0.763760 -0.645482 -0.962793 0.178004 0.203333 0.270197 0.620477 0.736208 0.001437
  1031 0.036800 0.075200 0.092300 0.030173 0.897340 -0.440307 -0.951209 0.161090 0.263157 0.307070 0.410884 0.858419 1.003646
  1032 0.036800 0.075200 0.092300 0.030173 0.897340 -0.440307 -0.951209 0.161090 0.263157 0.307070 0.410884 0.858419 -0.004059
  1033 0.036800 0.075200 0.092300 -0.951209 0.161090 0.263157 -0.030173 -0.897340 0.440307 0.307070 0.410884 0.858419 0.000334
  1041 0.018400 0.044200 0.106200 -0.014290 0.978673 -0.204929 -0.991869 0.012048 0.126689 0.126457 0.205072 0.970543 0.992909
  1042 0.018400 0.044200 0.106200 -0.991869 0.012048 0.126689 0.014290 -0.978673 0.204929 0.126457 0.205072 0.970543 -0.003793
  1043 0.018400 0.044200 0.106200 -0.014290 0.978673 -0.204929 -0.991869 0.012048 0.126689 0.126457 0.205072 0.970543 0.000572
  1111 0.052500 0.040600 0.095300 0.875312 -0.017743 -0.483233 -0.055217 0.989119 -0.136365 0.480394 0.146045 0.864808 0.997995
  1112 0.052500 0.040600 0.095300 0.875312 -0.017743 -0.483233 -0.055217 0.989119 -0.136365 0.480394 0.146045 0.864808 -0.003360
  1113 0.052500 0.040600 0.095300 -0.055217 0.989119 -0.136365 -0.875312 0.017743 0.483233 0.480394 0.146045 0.864808 -0.000082
  1121 0.080900 0.041300 0.072100 0.639062 0.050939 -0.767466 -0.169812 0.982526 -0.076198 0.750174 0.179021 0.636546 1.001207
  1122 0.080900 0.041300 0.072100 -0.169812 0.982526 -0.076198 -0.639062 -0.050939 0.767466 0.750174 0.179021 0.636546 -0.005225
  1123 0.080900 0.041300 0.072100 0.639062 0.050939 -0.767466 -0.169812 0.982526 -0.076198 0.750174 0.179021 0.636546 0.000549
  1131 0.082800 0.006100 0.072800 0.639843 0.000711 -0.768505 0.011948 0.999869 0.010911 0.768413 -0.016164 0.639750 1.003078
  1132 0.082800 0.006100 0.072800 0.011948 0.999869 0.010911 -0.639843 -0.000711 0.768505 0.768413 -0.016164 0.639750 -0.006280
  1133 0.082800 0.006100 0.072800 0.639843 0.000711 -0.768505 0.011948 0.999869 0.010911 0.768413 -0.016164 0.639750 -0.001174
  1141 0.053500 0.006200 0.097000 0.870026 -0.018225 -0.492668 0.031623 0.999321 0.018885 0.491990 -0.032010 0.870012 0.998864
  1142 0.053500 0.006200 0.097000 0.870026 -0.018225 -0.492668 0.031623 0.999321 0.018885 0.491990 -0.032010 0.870012 -0.000806
  1143 0.053500 0.006200 0.097000 0.031623 0.999321 0.018885 -0.870026 0.018225 0.492668 0.491990 -0.032010 0.870012 -0.000663
  1211 0.086200 0.098600 0.008900 0.046468 0.120154 -0.991667 -0.502329 0.860897 0.080759 0.863427 0.494390 0.100361 0.998433
  1212 0.086200 0.098600 0.008900 -0.502329 0.860897 0.080759 -0.046468 -0.120154 0.991667 0.863427 0.494390 0.100361 -0.005211
  1213 0.086200 0.098600 0.008900 0.046468 0.120154 -0.991667 -0.502329 0.860897 0.080759 0.863427 0.494390 0.100361 -0.000116
  1221 0.100300 0.066000 0.008200 0.060102 0.025163 -0.997875 -0.318584 0.947882 0.004776 0.945988 0.317621 0.064987 1.003513
  1222 0.100300 0.066000 0.008200 -0.318584 0.947882 0.004776 -0.060102 -0.025163 0.997875 0.945988 0.317621 0.064987 -0.005151
  1223 0.100300 0.066000 0.008200 0.060102 0.025163 -0.997875 -0.318584 0.947882 0.004776 0.945988 0.317621 0.064987 -0.000920
  1231 0.088700 0.075700 0.041200 0.346618 0.116859 -0.930699 -0.375825 0.926388 -0.023680 0.859421 0.357987 0.365020 1.002530
  1232 0.088700 0.075700 0.041200 0.346618 0.116859 -0.930699 -0.375825 0.926388 -0.023680 0.859421 0.357987 0.365020 -0.001710
  1233 0.088700 0.075700 0.041200 -0.375825 0.926388 -0.023680 -0.346618 -0.116859 0.930699 0.859421 0.357987 0.365020 0.000752
  1241 0.069900 0.075800 0.070900 0.612763 0.238285 -0.753487 -0.426616 0.902339 -0.061509 0.665244 0.359139 0.654576 1.006579
  1242 0.069900 0.075800 0.070900 -0.426616 0.902339 -0.061509 -0.612763 -0.238285 0.753487 0.665244 0.359139 0.654576 -0.001769
  1243 0.069900 0.075800 0.070900 0.612763 0.238285 -0.753487 -0.426616 0.902339 -0.061509 0.665244 0.359139 0.654576 0.001316
  1311 0.098900 0.040400 0.041300 0.340518 0.060188 -0.938310 -0.167606 0.985851 0.002348 0.925175 0.156467 0.345788 1.002757
  1312 0.098900 0.040400 0.041300 0.340518 0.060188 -0.938310 -0.167606 0.985851 0.002348 0.925175 0.156467 0.345788 -0.004027
  1313 0.098900 0.040400 0.041300 -0.167606 0.985851 0.002348 -0.340518 -0.060188 0.938310 0.925175 0.156467 0.345788 -0.000467
  1321 0.107400 0.032900 0.008100 0.064192 0.011611 -0.997870 -0.132942 0.991119 0.002982 0.989043 0.132467 0.065165 0.998115
  1322 0.107400 0.032900 0.008100 -0.132942 0.991119 0.002982 -0.064192 -0.011611 0.997870 0.989043 0.132467 0.065165 -0.003983
  1323 0.107400 0.032900 0.008100 0.064192 0.011611 -0.997870 -0.132942 0.991119 0.002982 0.989043 0.132467 0.065165 -0.000495
  1331 0.108300 -0.001100 0.006800 0.053681 -0.002469 -0.998555 0.061069 0.998133 0.000851 0.996689 -0.061027 0.053732 0.997533
  1332 0.108300 -0.001100 0.006800 0.061069 0.998133 0.000851 -0.053681 0.002469 0.998555 0.996689 -0.061027 0.053732 -0.006123
  1333 0.108300 -0.001100 0.006800 0.053681 -0.002469 -0.998555 0.061069 0.998133 0.000851 0.996689 -0.061027 0.053732 -0.000984
  1341 0.101000 0.004400 0.041000 0.349490 0.007969 -0.936906 0.040999 0.998877 0.023749 0.936043 -0.046712 0.348771 1.004252
  1342 0.101000 0.004400 0.041000 0.349490 0.007969 -0.936906 0.040999 0.998877 0.023749 0.936043 -0.046712 0.348771 -0.004110
  1343 0.101000 0.004400 0.041000 0.040999 0.998877 0.023749 -0.349490 -0.007969 0.936906 0.936043 -0.046712 0.348771 -0.000540
  1411 0.102000 0.063000 -0.026000 0.009670 0.010310 -0.999900 -0.265405 0.964109 0.007394 0.964089 0.265307 0.012059 0.991541
  1412 0.102000 0.063000 -0.026000 0.009670 0.010310 -0.999900 -0.265405 0.964109 0.007394 0.964089 0.265307 0.012059 -0.000580
  1413 0.102000 0.063000 -0.026000 -0.265405 0.964109 0.007394 -0.009670 -0.010310 0.999900 0.964089 0.265307 0.012059 0.000121
  1421 0.106500 0.046900 -0.060000 0.022926 0.010247 -0.999685 -0.171329 0.985195 0.006160 0.984947 0.171134 0.024342 0.997977
  1422 0.106500 0.046900 -0.060000 -0.171329 0.985195 0.006160 -0.022926 -0.010247 0.999685 0.984947 0.171134 0.024342 -0.002286
  1423 0.106500 0.046900 -0.060000 0.022926 0.010247 -0.999685 -0.171329 0.985195 0.006160 0.984947 0.171134 0.024342 -0.000846
  1431 0.109800 0.013100 -0.062200 0.024651 0.004499 -0.999686 -0.003569 0.999984 0.004371 0.999690 0.003460 0.024666 1.001170
  1432 0.109800 0.013100 -0.062200 -0.003569 0.999984 0.004371 -0.024651 -0.004499 0.999686 0.999690 0.003460 0.024666 -0.003316
  1433 0.109800 0.013100 -0.062200 0.024651 0.004499 -0.999686 -0.003569 0.999984 0.004371 0.999690 0.003460 0.024666 -0.000817
  1441 0.108300 0.030100 -0.026200 -0.014497 0.003624 -0.999888 -0.110252 0.993890 0.005271 0.993798 0.110316 -0.014009 1.001623
  1442 0.108300 0.030100 -0.026200 -0.014497 0.003624 -0.999888 -0.110252 0.993890 0.005271 0.993798 0.110316 -0.014009 -0.002165
  1443 0.108300 0.030100 -0.026200 -0.110252 0.993890 0.005271 0.014497 -0.003624 0.999888 0.993798 0.110316 -0.014009 -0.000315
  1511 -0.108800 -0.003200 -0.028400 0.018119 0.000591 -0.999836 0.087657 -0.996150 0.000943 -0.995986 -0.087659 -0.018102 1.000426
  1512 -0.108800 -0.003200 -0.028400 0.018119 0.000591 -0.999836 0.087657 -0.996150 0.000943 -0.995986 -0.087659 -0.018102 -0.005707
  1513 -0.108800 -0.003200 -0.028400 0.087657 -0.996150 0.000943 -0.018119 -0.000591 0.999836 -0.995986 -0.087659 -0.018102 0.000995
  1521 -0.101700 -0.036000 -0.028100 0.026157 0.002069 -0.999656 0.353612 -0.935363 0.007359 -0.935026 -0.353682 -0.025198 0.999860
  1522 -0.101700 -0.036000 -0.028100 0.026157 0.002069 -0.999656 0.353612 -0.935363 0.007359 -0.935026 -0.353682 -0.025198 -0.005564
  1523 -0.101700 -0.036000 -0.028100 0.353612 -0.935363 0.007359 -0.026157 -0.002069 0.999656 -0.935026 -0.353682 -0.025198 0.000648
  1531 -0.095100 -0.052400 -0.062300 -0.025651 -0.005104 -0.999658 0.451475 -0.892256 -0.007001 -0.891915 -0.451500 0.025191 0.997708
  1532 -0.095100 -0.052400 -0.062300 0.451475 -0.892256 -0.007001 0.025651 0.005104 0.999658 -0.891915 -0.451500 0.025191 -0.003199
  1533 -0.095100 -0.052400 -0.062300 -0.025651 -0.005104 -0.999658 0.451475 -0.892256 -0.007001 -0.891915 -0.451500 0.025191 0.001357
  1541 -0.106800 -0.020500 -0.062500 -0.028319 -0.001155 -0.999598 0.189178 -0.981934 -0.004237 -0.981534 -0.189223 0.028026 1.001295
  1542 -0.106800 -0.020500 -0.062500 0.189178 -0.981934 -0.004237 0.028319 0.001155 0.999598 -0.981534 -0.189223 0.028026 -0.003963
  1543 -0.106800 -0.020500 -0.062500 -0.028319 -0.001155 -0.999598 0.189178 -0.981934 -0.004237 -0.981534 -0.189223 0.028026 0.000886
  1611 -0.101700 -0.033900 0.005600 -0.066067 -0.030761 -0.997341 0.337432 -0.941326 0.006732 -0.939030 -0.336090 0.072570 1.002096
  1612 -0.101700 -0.033900 0.005600 0.337432 -0.941326 0.006732 0.066067 0.030761 0.997341 -0.939030 -0.336090 0.072570 -0.006239
  1613 -0.101700 -0.033900 0.005600 -0.066067 -0.030761 -0.997341 0.337432 -0.941326 0.006732 -0.939030 -0.336090 0.072570 0.000519
  1621 -0.095200 -0.030800 0.039100 -0.318226 -0.055965 -0.946362 0.310796 -0.949250 -0.048284 -0.895631 -0.309490 0.319469 1.002260
  1622 -0.095200 -0.030800 0.039100 -0.318226 -0.055965 -0.946362 0.310796 -0.949250 -0.048284 -0.895631 -0.309490 0.319469 -0.007496
  1623 -0.095200 -0.030800 0.039100 0.310796 -0.949250 -0.048284 0.318226 0.055965 0.946362 -0.895631 -0.309490 0.319469 -0.000021
  1631 -0.078100 -0.062800 0.039400 -0.258681 -0.199077 -0.945226 0.600299 -0.799765 0.004126 -0.756781 -0.566350 0.326391 1.000227
  1632 -0.078100 -0.062800 0.039400 -0.258681 -0.199077 -0.945226 0.600299 -0.799765 0.004126 -0.756781 -0.566350 0.326391 -0.005846
  1633 -0.078100 -0.062800 0.039400 0.600299 -0.799765 0.004126 0.258681 0.199077 0.945226 -0.756781 -0.566350 0.326391 -0.000847
  1641 -0.086600 -0.064000 0.005500 -0.059422 -0.047513 -0.997102 0.570711 -0.821135 0.005063 -0.818996 -0.568756 0.075910 1.000558
  1642 -0.086600 -0.064000 0.005500 0.570711 -0.821135 0.005063 0.059422 0.047513 0.997102 -0.818996 -0.568756 0.075910 -0.003805
  1643 -0.086600 -0.064000 0.005500 -0.059422 -0.047513 -0.997102 0.570711 -0.821135 0.005063 -0.818996 -0.568756 0.075910 0.001632
  1711 -0.075800 -0.079700 -0.062100 -0.001684 -0.016840 -0.999857 0.671451 -0.740962 0.011305 -0.741047 -0.671336 0.012555 0.999211
  1712 -0.075800 -0.079700 -0.062100 0.671451 -0.740962 0.011305 0.001684 0.016840 0.999857 -0.741047 -0.671336 0.012555 -0.006018
  1713 -0.075800 -0.079700 -0.062100 -0.001684 -0.016840 -0.999857 0.671451 -0.740962 0.011305 -0.741047 -0.671336 0.012555 0.000125
  1721 -0.086100 -0.066000 -0.028200 0.025151 0.011055 -0.999623 0.579933 -0.814645 0.005578 -0.814276 -0.579854 -0.026900 0.998470
  1722 -0.086100 -0.066000 -0.028200 0.025151 0.011055 -0.999623 0.579933 -0.814645 0.005578 -0.814276 -0.579854 -0.026900 -0.002090
  1723 -0.086100 -0.066000 -0.028200 0.579933 -0.814645 0.005578 -0.025151 -0.011055 0.999623 -0.814276 -0.579854 -0.026900 0.001196
  1731 -0.063200 -0.090500 -0.027800 0.022461 0.032483 -0.999220 0.816200 -0.577770 -0.000383 -0.577331 -0.815554 -0.039490 1.000822
  1732 -0.063200 -0.090500 -0.027800 0.022461 0.032483 -0.999220 0.816200 -0.577770 -0.000383 -0.577331 -0.815554 -0.039490 -0.006035
  1733 -0.063200 -0.090500 -0.027800 0.816200 -0.577770 -0.000383 -0.022461 -0.032483 0.999220 -0.577331 -0.815554 -0.039490 0.000171
  1741 -0.048900 -0.099400 -0.062100 -0.010522 -0.012815 -0.999862 0.889862 -0.456217 -0.003509 -0.456108 -0.889777 0.016204 0.995243
  1742 -0.048900 -0.099400 -0.062100 0.889862 -0.456217 -0.003509 0.010522 0.012815 0.999862 -0.456108 -0.889777 0.016204 -0.003425
  1743 -0.048900 -0.099400 -0.062100 -0.010522 -0.012815 -0.999862 0.889862 -0.456217 -0.003509 -0.456108 -0.889777 0.016204 0.002390
  1811 -0.078600 -0.028700 0.069600 -0.616190 -0.040399 -0.786561 0.247791 -0.957912 -0.144930 -0.747601 -0.284207 0.600266 1.002701
  1812 -0.078600 -0.028700 0.069600 0.247791 -0.957912 -0.144930 0.616190 0.040399 0.786561 -0.747601 -0.284207 0.600266 -0.006984
  1813 -0.078600 -0.028700 0.069600 -0.616190 -0.040399 -0.786561 0.247791 -0.957912 -0.144930 -0.747601 -0.284207 0.600266 -0.001039
  1821 -0.051800 -0.027700 0.092700 -0.860366 0.024647 -0.509080 0.109246 -0.966654 -0.231615 -0.497813 -0.254889 0.828984 0.999910
  1822 -0.051800 -0.027700 0.092700 -0.860366 0.024647 -0.509080 0.109246 -0.966654 -0.231615 -0.497813 -0.254889 0.828984 -0.002342
  1823 -0.051800 -0.027700 0.092700 0.109246 -0.966654 -0.231615 0.860366 -0.024647 0.509080 -0.497813 -0.254889 0.828984 0.000407
  1831 -0.018100 -0.054200 0.092300 0.069944 -0.844028 -0.531718 0.988115 -0.014491 0.153035 -0.136871 -0.536102 0.832983 0.995831
  1832 -0.018100 -0.054200 0.092300 0.069944 -0.844028 -0.531718 0.988115 -0.014491 0.153035 -0.136871 -0.536102 0.832983 -0.006860
  1833 -0.018100 -0.054200 0.092300 0.988115 -0.014491 0.153035 -0.069944 0.844028 0.531718 -0.136871 -0.536102 0.832983 -0.000635
  1841 -0.055200 -0.062700 0.070700 -0.382422 -0.497987 -0.778308 0.779076 -0.626666 0.018175 -0.496791 -0.599410 0.627620 1.003684
  1842 -0.055200 -0.062700 0.070700 0.779076 -0.626666 0.018175 0.382422 0.497987 0.778308 -0.496791 -0.599410 0.627620 -0.004790
  1843 -0.055200 -0.062700 0.070700 -0.382422 -0.497987 -0.778308 0.779076 -0.626666 0.018175 -0.496791 -0.599410 0.627620 0.001506
  1911 -0.051300 -0.086100 0.039700 -0.155321 -0.302724 -0.940337 0.882368 -0.470525 0.005767 -0.444198 -0.828827 0.340197 1.002350
  1912 -0.051300 -0.086100 0.039700 -0.155321 -0.302724 -0.940337 0.882368 -0.470525 0.005767 -0.444198 -0.828827 0.340197 -0.005514
  1913 -0.051300 -0.086100 0.039700 0.882368 -0.470525 0.005767 0.155321 0.302724 0.940337 -0.444198 -0.828827 0.340197 0.000007
  1921 -0.033500 -0.103300 0.006200 -0.044878 -0.143009 -0.988703 0.959980 -0.280051 -0.003070 -0.276448 -0.949274 0.149854 0.999579
  1922 -0.033500 -0.103300 0.006200 0.959980 -0.280051 -0.003070 0.044878 0.143009 0.988703 -0.276448 -0.949274 0.149854 -0.000413
  1923 -0.033500 -0.103300 0.006200 -0.044878 -0.143009 -0.988703 0.959980 -0.280051 -0.003070 -0.276448 -0.949274 0.149854 0.002853
  1931 -0.033100 -0.105100 -0.027800 0.006199 0.017059 -0.999835 0.954510 -0.298179 0.000827 -0.298115 -0.954358 -0.018131 0.997313
  1932 -0.033100 -0.105100 -0.027800 0.006199 0.017059 -0.999835 0.954510 -0.298179 0.000827 -0.298115 -0.954358 -0.018131 -0.003051
  1933 -0.033100 -0.105100 -0.027800 0.954510 -0.298179 0.000827 -0.006199 -0.017059 0.999835 -0.298115 -0.954358 -0.018131 -0.000044
  1941 -0.063600 -0.088400 0.006000 -0.065627 -0.088104 -0.993947 0.808645 -0.588295 -0.001200 -0.584629 -0.803829 0.109853 1.000928
  1942 -0.063600 -0.088400 0.006000 0.808645 -0.588295 -0.001200 0.065627 0.088104 0.993947 -0.584629 -0.803829 0.109853 -0.003520
  1943 -0.063600 -0.088400 0.006000 -0.065627 -0.088104 -0.993947 0.808645 -0.588295 -0.001200 -0.584629 -0.803829 0.109853 0.001129
  2011 -0.018600 -0.080100 0.069000 -0.000673 -0.618358 -0.785896 0.991757 -0.101117 0.078698 -0.128131 -0.779365 0.613329 0.999586
  2012 -0.018600 -0.080100 0.069000 0.991757 -0.101117 0.078698 0.000673 0.618358 0.785896 -0.128131 -0.779365 0.613329 -0.004944
  2013 -0.018600 -0.080100 0.069000 -0.000673 -0.618358 -0.785896 0.991757 -0.101117 0.078698 -0.128131 -0.779365 0.613329 -0.001003
  2021 0.018600 -0.080200 0.068900 0.000416 -0.621041 -0.783778 0.987470 0.123956 -0.097662 0.157807 -0.773917 0.613311 0.998837
  2022 0.018600 -0.080200 0.068900 0.987470 0.123956 -0.097662 -0.000416 0.621041 0.783778 0.157807 -0.773917 0.613311 -0.003469
  2023 0.018600 -0.080200 0.068900 0.000416 -0.621041 -0.783778 0.987470 0.123956 -0.097662 0.157807 -0.773917 0.613311 0.000382
  2031 0.016900 -0.097200 0.039700 -0.000232 -0.373328 -0.927700 0.989531 0.133804 -0.054088 0.144322 -0.918000 0.369388 1.000187
  2032 0.016900 -0.097200 0.039700 -0.000232 -0.373328 -0.927700 0.989531 0.133804 -0.054088 0.144322 -0.918000 0.369388 -0.004113
  2033 0.016900 -0.097200 0.039700 0.989531 0.133804 -0.054088 0.000232 0.373328 0.927700 0.144322 -0.918000 0.369388 -0.000209
  2041 -0.017000 -0.097200 0.039700 -0.000512 -0.373879 -0.927477 0.990161 -0.129952 0.051897 -0.139931 -0.918325 0.370268 1.001275
  2042 -0.017000 -0.097200 0.039700 -0.000512 -0.373879 -0.927477 0.990161 -0.129952 0.051897 -0.139931 -0.918325 0.370268 -0.003676
  2043 -0.017000 -0.097200 0.039700 0.990161 -0.129952 0.051897 0.000512 0.373879 0.927477 -0.139931 -0.918325 0.370268 -0.000135
  2111 0.000000 -0.108600 0.007000 -0.000118 -0.167619 -0.985852 0.999704 0.023941 -0.004204 0.024307 -0.985561 0.167567 0.999058
  2112 0.000000 -0.108600 0.007000 0.999704 0.023941 -0.004204 0.000118 0.167619 0.985852 0.024307 -0.985561 0.167567 -0.002737
  2113 0.000000 -0.108600 0.007000 -0.000118 -0.167619 -0.985852 0.999704 0.023941 -0.004204 0.024307 -0.985561 0.167567 0.000925
  2121 0.000000 -0.110600 -0.027500 0.000057 0.033306 -0.999445 0.999875 0.015800 0.000600 0.015811 -0.999320 -0.033301 0.996130
  2122 0.000000 -0.110600 -0.027500 0.000057 0.033306 -0.999445 0.999875 0.015800 0.000600 0.015811 -0.999320 -0.033301 -0.003139
  2123 0.000000 -0.110600 -0.027500 0.999875 0.015800 0.000600 -0.000057 -0.033306 0.999445 0.015811 -0.999320 -0.033301 -0.000335
  2131 0.017000 -0.109800 -0.061800 0.009382 -0.011891 -0.999885 0.987044 0.160277 0.007419 0.160171 -0.987001 0.013241 0.998665
  2132 0.017000 -0.109800 -0.061800 0.987044 0.160277 0.007419 -0.009382 0.011891 0.999885 0.160171 -0.987001 0.013241 -0.003637
  2133 0.017000 -0.109800 -0.061800 0.009382 -0.011891 -0.999885 0.987044 0.160277 0.007419 0.160171 -0.987001 0.013241 0.002117
  2141 -0.017100 -0.109800 -0.061900 -0.007553 -0.019276 -0.999786 0.981636 -0.190730 -0.003702 -0.190618 -0.981453 0.020363 1.002286
  2142 -0.017100 -0.109800 -0.061900 0.981636 -0.190730 -0.003702 0.007553 0.019276 0.999786 -0.190618 -0.981453 0.020363 -0.003429
  2143 -0.017100 -0.109800 -0.061900 -0.007553 -0.019276 -0.999786 0.981636 -0.190730 -0.003702 -0.190618 -0.981453 0.020363 0.002523
  2211 0.051700 -0.027600 0.092800 0.860144 0.026921 -0.509339 0.109440 0.965606 0.235855 0.498171 -0.258611 0.827615 0.999022
  2212 0.051700 -0.027600 0.092800 0.860144 0.026921 -0.509339 0.109440 0.965606 0.235855 0.498171 -0.258611 0.827615 -0.003046
  2213 0.051700 -0.027600 0.092800 0.109440 0.965606 0.235855 -0.860144 -0.026921 0.509339 0.498171 -0.258611 0.827615 -0.000976
  2221 0.078600 -0.028400 0.069800 0.626736 -0.042445 -0.778075 0.227017 0.965139 0.130267 0.745422 -0.258279 0.614523 1.002216
  2222 0.078600 -0.028400 0.069800 0.227017 0.965139 0.130267 -0.626736 0.042445 0.778075 0.745422 -0.258279 0.614523 -0.004409
  2223 0.078600 -0.028400 0.069800 0.626736 -0.042445 -0.778075 0.227017 0.965139 0.130267 0.745422 -0.258279 0.614523 0.000814
  2231 0.055300 -0.062800 0.070600 0.374255 -0.489501 -0.787605 0.762848 0.645420 -0.038685 0.527272 -0.586344 0.614967 0.996964
  2232 0.055300 -0.062800 0.070600 0.762848 0.645420 -0.038685 -0.374255 0.489501 0.787605 0.527272 -0.586344 0.614967 -0.001475
  2233 0.055300 -0.062800 0.070600 0.374255 -0.489501 -0.787605 0.762848 0.645420 -0.038685 0.527272 -0.586344 0.614967 0.000491
  2241 0.018200 -0.054200 0.092200 -0.068938 -0.845216 -0.529961 0.988528 0.013671 -0.150421 0.134383 -0.534251 0.834576 0.992841
  2242 0.018200 -0.054200 0.092200 -0.068938 -0.845216 -0.529961 0.988528 0.013671 -0.150421 0.134383 -0.534251 0.834576 -0.005159
  2243 0.018200 -0.054200 0.092200 0.988528 0.013671 -0.150421 0.068938 0.845216 0.529961 0.134383 -0.534251 0.834576 0.000009
  2311 0.051300 -0.086100 0.039700 0.150824 -0.298216 -0.942507 0.877696 0.479088 -0.011166 0.454874 -0.825550 0.334000 1.001648
  2312 0.051300 -0.086100 0.039700 0.150824 -0.298216 -0.942507 0.877696 0.479088 -0.011166 0.454874 -0.825550 0.334000 -0.003077
  2313 0.051300 -0.086100 0.039700 0.877696 0.479088 -0.011166 -0.150824 0.298216 0.942507 0.454874 -0.825550 0.334000 -0.000085
  2321 0.063700 -0.088400 0.006200 0.058843 -0.074558 -0.995479 0.801327 0.598221 0.002614 0.595321 -0.797858 0.094946 1.001064
  2322 0.063700 -0.088400 0.006200 0.801327 0.598221 0.002614 -0.058843 0.074558 0.995479 0.595321 -0.797858 0.094946 -0.001260
  2323 0.063700 -0.088400 0.006200 0.058843 -0.074558 -0.995479 0.801327 0.598221 0.002614 0.595321 -0.797858 0.094946 0.001969
  2331 0.033000 -0.105100 -0.027700 -0.003541 0.019184 -0.999810 0.947729 0.319065 0.002753 0.319057 -0.947539 -0.019311 1.000239
  2332 0.033000 -0.105100 -0.027700 -0.003541 0.019184 -0.999810 0.947729 0.319065 0.002753 0.319057 -0.947539 -0.019311 -0.002382
  2333 0.033000 -0.105100 -0.027700 0.947729 0.319065 0.002753 0.003541 -0.019184 0.999810 0.319057 -0.947539 -0.019311 0.000838
  2341 0.033300 -0.103400 0.006300 0.040733 -0.121007 -0.991816 0.948583 0.316530 0.000342 0.313898 -0.940833 0.127678 1.002558
  2342 0.033300 -0.103400 0.006300 0.948583 0.316530 0.000342 -0.040733 0.121007 0.991816 0.313898 -0.940833 0.127678 -0.003893
  2343 0.033300 -0.103400 0.006300 0.040733 -0.121007 -0.991816 0.948583 0.316530 0.000342 0.313898 -0.940833 0.127678 0.000382
  2411 0.095200 -0.030600 0.039200 0.318087 -0.061596 -0.946059 0.305279 0.951392 0.040717 0.897565 -0.301764 0.321428 1.000009
  2412 0.095200 -0.030600 0.039200 0.318087 -0.061596 -0.946059 0.305279 0.951392 0.040717 0.897565 -0.301764 0.321428 -0.001403
  2413 0.095200 -0.030600 0.039200 0.305279 0.951392 0.040717 -0.318087 0.061596 0.946059 0.897565 -0.301764 0.321428 -0.000495
  2421 0.101700 -0.033800 0.005800 0.066917 -0.028569 -0.997349 0.313434 0.949590 -0.006143 0.947249 -0.312192 0.072498 1.000695
  2422 0.101700 -0.033800 0.005800 0.313434 0.949590 -0.006143 -0.066917 0.028569 0.997349 0.947249 -0.312192 0.072498 -0.004302
  2423 0.101700 -0.033800 0.005800 0.066917 -0.028569 -0.997349 0.313434 0.949590 -0.006143 0.947249 -0.312192 0.072498 -0.000356
  2431 0.086600 -0.063900 0.005600 0.058481 -0.043737 -0.997330 0.548993 0.835815 -0.004428 0.833777 -0.547269 0.072891 1.001663
  2432 0.086600 -0.063900 0.005600 0.548993 0.835815 -0.004428 -0.058481 0.043737 0.997330 0.833777 -0.547269 0.072891 -0.001648
  2433 0.086600 -0.063900 0.005600 0.058481 -0.043737 -0.997330 0.548993 0.835815 -0.004428 0.833777 -0.547269 0.072891 0.000870
  2441 0.078100 -0.062900 0.039400 0.259214 -0.203288 -0.944183 0.592761 0.805309 -0.010581 0.762510 -0.556932 0.329249 1.004131
  2442 0.078100 -0.062900 0.039400 0.259214 -0.203288 -0.944183 0.592761 0.805309 -0.010581 0.762510 -0.556932 0.329249 -0.001655
  2443 0.078100 -0.062900 0.039400 0.592761 0.805309 -0.010581 -0.259214 0.203288 0.944183 0.762510 -0.556932 0.329249 -0.000363
  2511 0.063000 -0.090600 -0.027600 -0.022126 0.036751 -0.999079 0.801056 0.598575 0.004228 0.598179 -0.800225 -0.042684 0.999129
  2512 0.063000 -0.090600 -0.027600 -0.022126 0.036751 -0.999079 0.801056 0.598575 0.004228 0.598179 -0.800225 -0.042684 -0.004800
  2513 0.063000 -0.090600 -0.027600 0.801056 0.598575 0.004228 0.022126 -0.036751 0.999079 0.598179 -0.800225 -0.042684 -0.000971
  2521 0.086100 -0.066100 -0.028000 -0.024078 0.013616 -0.999617 0.563523 0.826097 -0.002353 0.825749 -0.563364 -0.027564 1.001360
  2522 0.086100 -0.066100 -0.028000 -0.024078 0.013616 -0.999617 0.563523 0.826097 -0.002353 0.825749 -0.563364 -0.027564 -0.000335
  2523 0.086100 -0.066100 -0.028000 0.563523 0.826097 -0.002353 0.024078 -0.013616 0.999617 0.825749 -0.563364 -0.027564 0.000095
  2531 0.075700 -0.079800 -0.062000 0.020874 -0.007206 -0.999756 0.693478 0.720417 0.009358 0.720174 -0.693504 0.020036 0.998597
  2532 0.075700 -0.079800 -0.062000 0.693478 0.720417 0.009358 -0.020874 0.007206 0.999756 0.720174 -0.693504 0.020036 -0.003648
  2533 0.075700 -0.079800 -0.062000 0.020874 -0.007206 -0.999756 0.693478 0.720417 0.009358 0.720174 -0.693504 0.020036 0.000187
  2541 0.048800 -0.099400 -0.062100 0.015709 -0.016964 -0.999733 0.905146 0.425041 0.007084 0.424808 -0.905015 0.022032 0.998452
  2542 0.048800 -0.099400 -0.062100 0.905146 0.425041 0.007084 -0.015709 0.016964 0.999733 0.424808 -0.905015 0.022032 -0.003062
  2543 0.048800 -0.099400 -0.062100 0.015709 -0.016964 -0.999733 0.905146 0.425041 0.007084 0.424808 -0.905015 0.022032 0.001946
  2611 0.108700 -0.003300 -0.028000 -0.022799 0.003575 -0.999734 0.071228 0.997458 0.001914 0.997199 -0.071165 -0.022996 0.999979
  2612 0.108700 -0.003300 -0.028000 -0.022799 0.003575 -0.999734 0.071228 0.997458 0.001914 0.997199 -0.071165 -0.022996 0.000742
  2613 0.108700 -0.003300 -0.028000 0.071228 0.997458 0.001914 0.022799 -0.003575 0.999734 0.997199 -0.071165 -0.022996 -0.000111
  2621 0.106800 -0.020600 -0.062100 0.026041 0.001540 -0.999660 0.229961 0.973171 0.007469 0.972852 -0.230077 0.024988 1.002026
  2622 0.106800 -0.020600 -0.062100 0.229961 0.973171 0.007469 -0.026041 -0.001540 0.999660 0.972852 -0.230077 0.024988 -0.002526
  2623 0.106800 -0.020600 -0.062100 0.026041 0.001540 -0.999660 0.229961 0.973171 0.007469 0.972852 -0.230077 0.024988 -0.000286
  2631 0.095100 -0.052400 -0.062000 0.019451 0.000969 -0.999810 0.484908 0.874506 0.010234 0.874350 -0.485015 0.016540 1.001671
  2632 0.095100 -0.052400 -0.062000 0.484908 0.874506 0.010234 -0.019451 -0.000969 0.999810 0.874350 -0.485015 0.016540 -0.000243
  2633 0.095100 -0.052400 -0.062000 0.019451 0.000969 -0.999810 0.484908 0.874506 0.010234 0.874350 -0.485015 0.016540 0.000736
  2641 0.101700 -0.036100 -0.027800 -0.028394 0.005614 -0.999581 0.331183 0.943558 -0.004129 0.943140 -0.331161 -0.028651 1.001254
  2642 0.101700 -0.036100 -0.027800 -0.028415 0.005556 -0.999581 0.331181 0.943558 -0.004191 0.943139 -0.331161 -0.028651 -0.000867
  2643 0.101700 -0.036100 -0.027800 0.331181 0.943558 -0.004191 0.028415 -0.005556 0.999581 0.943139 -0.331161 -0.028651 -0.000181
